[0, 0, 26]
[1, 1, 25]
[2, 2, 26]
[3, 3, 28]
[4, 4, 27]
[5, 5, 31]
[6, 6, 28]
[7, 6, 30]
[8, 7, 30]
[9, 8, 30]
[10, 9, 29]
[11, 9, 35]
[12, 10, 35]
[13, 11, 36]
[14, 12, 38]
[15, 13, 37]
[16, 14, 40]
[17, 15, 41]
[18, 16, 44]
[19, 17, 47]
[20, 18, 48]
[21, 19, 50]
[22, 21, 34]
[23, 20, 28]
[24, 21, 11]
[25, 22, 6]
[26, 22, -4]
[27, 22, -13]
[28, 23, -18]
[29, 24, -25]
[30, 25, -25]
[31, 26, -21]
[32, 27, -20]
[33, 27, -31]
[34, 28, -28]
[35, 29, -31]
[36, 30, -30]
[37, 31, -29]
[38, 32, -27]
[39, 33, -31]
[40, 34, -33]
[41, 35, -35]
[42, 36, -34]
[43, 37, -34]
[44, 38, -31]
[45, 39, -29]
[46, 40, -28]
[47, 41, -30]
[48, 42, -32]
[49, 43, -33]
[50, 44, -35]
[51, 45, -36]
[52, 46, -39]
[53, 47, -41]
[54, 48, -44]
[55, 49, -42]
[56, 50, -41]
[57, 51, -38]
[58, 52, -37]
[59, 55, -33]
[60, 56, -32]
[61, 58, 0]
[62, 59, -3]
[63, 60, -1]
[64, 61, 0]
[65, 61, 0]
[66, 62, 0]
[67, 63, 0]
[68, 64, 0]
[69, 65, 0]
[70, 66, 0]
[71, 67, 0]
[72, 68, 0]
[73, 69, 0]
[74, 70, 0]
[75, 71, 0]
[76, 72, 0]
[77, 73, 0]
[78, 74, 0]
[79, 75, -43]
[80, 76, -36]
[81, 77, -33]
[82, 78, -51]
[83, 79, -53]
[84, 80, -55]
[85, 81, -55]
[86, 83, -39]
[87, 85, -31]
[88, 86, -26]
[89, 87, -51]
[90, 88, -52]
[91, 89, -55]
[92, 90, -53]
[93, 91, -54]
[94, 92, -60]
[95, 93, -52]
[96, 94, -49]
[97, 95, -34]
[98, 96, -36]
[99, 97, -39]
[100, 98, -49]
[101, 99, -42]
[102, 100, -36]
[103, 101, -39]
[104, 102, -39]
[105, 103, -36]
[106, 104, -30]
[107, 103, -47]
[108, 104, -40]
[109, 105, -38]
[110, 106, -32]
[111, 107, -30]
[112, 108, -39]
[113, 109, -36]
[114, 110, -34]
[115, 110, -41]
[116, 108, -59]
[117, 109, -58]
[118, 108, -74]
[119, 109, -78]
[120, 110, -80]
[121, 111, -75]
[122, 112, -73]
[123, 113, -69]
[124, 114, -68]
[125, 115, -66]
[126, 113, -95]
[127, 112, -115]
[128, 113, -110]
[129, 114, -48]
[130, 115, -53]
[131, 116, -53]
[132, 117, -48]
[133, 118, -49]
[134, 119, -50]
[135, 124, -22]
[136, 125, -25]
[137, 128, -11]
[138, 127, -41]
[139, 128, -45]
[140, 129, -44]
[141, 129, -45]
[142, 129, -55]
[143, 129, -39]
[144, 128, -55]
[145, 129, -32]
[146, 128, -43]
[147, 130, -32]
[148, 131, -38]
[149, 131, -33]
[150, 132, -37]
[151, 133, -28]
[152, 134, -38]
[153, 137, -40]
[154, 138, -38]
[155, 139, -31]
[156, 140, -34]
[157, 141, -30]
[158, 142, -27]
[159, 143, -30]
[160, 144, -28]
[161, 145, -26]
[162, 146, -30]
[163, 146, -38]
[164, 146, -40]
[165, 146, -32]
[166, 147, -36]
[167, 148, -31]
[168, 149, -33]
[169, 150, -29]
[170, 150, -31]
[171, 150, -31]
[172, 150, -34]
[173, 151, -29]
[174, 151, -31]
[175, 151, -31]
[176, 151, -33]
[177, 151, -32]
[178, 153, -30]
[179, 152, -35]
[180, 152, -30]
[181, 153, -34]
[182, 154, -34]
[183, 155, -32]
[184, 156, -24]
[185, 157, -28]
[186, 158, -25]
[187, 162, -35]
[188, 161, -35]
[189, 162, -29]
[190, 163, -26]
[191, 164, -26]
[192, 157, -76]
[193, 173, -30]
[194, 172, -32]
[195, 172, -32]
[196, 172, -31]
[197, 172, -27]
[198, 172, -34]
[199, 172, -33]
[200, 173, -31]
[201, 174, -33]
[202, 175, -30]
[203, 174, -40]
[204, 175, -33]
[205, 181, -32]
[206, 183, -27]
[207, 184, -29]
[208, 184, -33]
[209, 185, -36]
[210, 185, -33]
[211, 186, -40]
[212, 187, -43]
[213, 188, -33]
[214, 206, -39]
[215, 207, -38]
[216, 208, -44]
[217, 209, -34]
[218, 210, -28]
[219, 211, -35]
[220, 212, -43]
[221, 213, -28]
