355
355
355
355
355
355
355
355
355
355
355
355
355
355
355
355
355
355
355
355
355
355
355
355
355
358
361
365
369
372
376
379
383
386
389
393
398
402
405
408
412
415
419
424
431
435
439
443
447
451
454
459
463
466
471
476
480
484
488
493
497
499
502
506
509
512
515
518
521
524
528
532
536
540
544
549
553
557
561
565
569
573
578
582
586
590
594
598
602
606
611
615
619
624
628
632
636
640
643
646
650
653
656
659
661
663
665
667
669
671
673
675
677
680
682
684
686
689
692
694
696
699
702
705
707
709
712
715
718
720
723
726
729
733
737
741
745
749
754
759
764
774
790
811
831
850
878
903
927
944
960
978
993
1010
1024
1038
1053
1067
1079
1089
1098
1109
1117
1126
1134
1141
1149
1157
1165
1173
1179
1186
1192
1199
1206
1213
1219
1226
1234
1241
1247
1255
1262
1271
1278
1285
1292
1299
1308
1317
1326
1334
1342
1349
1364
1378
1391
1405
1417
1430
1445
1462
1494
1525
1553
1578
1604
1625
1644
1669
1684
1699
1706
1728
1742
1756
1763
1781
1795
1808
1814
1829
