[0, 0, 24]
[1, 1, 25]
[2, 2, 27]
[3, 3, 26]
[4, 4, 28]
[5, 5, 29]
[6, 6, 34]
[7, 7, 34]
[8, 8, 38]
[9, 9, 39]
[10, 10, 33]
[11, 11, 34]
[12, 12, 34]
[13, 12, 35]
[14, 11, 31]
[15, 14, 34]
[16, 14, 33]
[17, 15, 37]
[18, 16, 37]
[19, 17, 40]
[20, 18, 43]
[21, 19, 43]
[22, 20, 45]
[23, 21, 48]
[24, 22, 45]
[25, 23, 42]
[26, 24, 47]
[27, 25, 51]
[28, 26, 53]
[29, 27, 54]
[30, 28, 56]
[31, 29, 60]
[32, 30, 61]
[33, 31, 60]
[34, 32, 66]
[35, 33, 69]
[36, 34, 73]
[37, 35, 77]
[38, 36, 78]
[39, 37, 52]
[40, 38, 85]
[41, 39, 81]
[42, 40, 88]
[43, 41, 93]
[44, 42, 96]
[45, 45, 72]
[46, 46, 70]
[47, 47, 78]
[48, 48, 77]
[49, 49, 76]
[50, 50, 78]
[51, 51, 87]
[52, 52, 80]
[53, 53, 81]
[54, 54, 76]
[55, 55, 90]
[56, 56, 79]
[57, 57, 90]
[58, 58, 112]
[59, 59, 112]
[60, 60, 84]
[61, 61, 84]
[62, 62, 107]
[63, 63, 74]
[64, 64, 45]
[65, 66, 47]
[66, 67, 54]
[67, 65, 53]
[68, 66, 51]
[69, 67, 54]
[70, 68, 55]
[71, 71, 53]
[72, 72, 51]
[73, 73, 53]
[74, 74, 53]
[75, 75, 51]
[76, 71, 53]
[77, 72, 58]
[78, 72, 53]
[79, 73, 53]
[80, 74, 55]
[81, 75, 54]
[82, 77, 55]
[83, 77, 53]
[84, 76, 52]
[85, 77, 52]
[86, 77, 55]
[87, 76, 55]
[88, 77, 58]
[89, 75, 58]
[90, 74, 61]
[91, 75, 62]
[92, 76, 59]
[93, 77, 58]
[94, 67, 49]
[95, 68, 74]
[96, 69, 50]
[97, 70, 49]
[98, 71, 47]
[99, 70, 47]
[100, 71, 47]
[101, 71, 46]
[102, 72, 47]
[103, 73, 49]
[104, 73, 79]
[105, 74, 49]
[106, 75, 74]
[107, 76, 50]
[108, 77, 51]
[109, 78, 88]
[110, 72, 65]
[111, 73, 48]
[112, 70, 44]
[113, 71, 46]
[114, 67, 45]
[115, 68, 55]
[116, 69, 47]
[117, 70, 58]
[118, 71, 51]
[119, 68, 41]
[120, 69, 47]
[121, 70, 48]
[122, 71, 49]
[123, 72, 93]
[124, 73, 52]
[125, 94, 93]
[126, 80, 56]
[127, 81, 63]
[128, 93, 112]
[129, 94, 114]
[130, 95, 113]
[131, 96, 122]
[132, 97, 117]
[133, 98, 116]
[134, 99, 122]
[135, 100, 116]
[136, 101, 120]
[137, 102, 126]
[138, 103, 118]
[139, 104, 141]
[140, 103, 133]
[141, 104, 144]
[142, 105, 149]
[143, 106, 149]
[144, 107, 146]
[145, 108, 158]
[146, 109, 161]
[147, 110, 176]
[148, 111, 181]
[149, 112, 189]
[150, 113, 188]
[151, 114, 87]
[152, 115, 89]
[153, 116, 91]
[154, 116, 94]
[155, 116, 89]
[156, 117, 89]
[157, 116, 95]
[158, 117, 85]
[159, 121, 97]
