[0, 3, 0.666667]
[0, 1, 0.9]
[8, 0, 1.55556]
[0, 1, 0.7]
[0, 1, 0.7]
[4, 0, 1.11111]
[0, 0, 0.863636]
[6, 0, 1.35714]
[1, 0, 1]
[1, 0, 1]
[2, 0, 1.125]
[0, 0, 0.916667]
[0, 0, 0.954545]
[0, 3, 0.7]
[0, 1, 0.764706]
[2, 0, 1]
[0, 0, 0.863636]
[0, 4, 0.5]
[0, 0, 0.842105]
[0, 0, 0.818182]
[0, 0, 0.846154]
[1, 0, 1]
[0, 2, 0.5]
[1, 0, 0.894737]
[3, 0, 0.761905]
[0, 0, 0.588235]
[3, 0, 0.882353]
[5, 0, 1]
[5, 0, 0.789474]
[0, 0, 0.65]
[7, 0, 1.46154]
[4, 0, 0.833333]
[4, 0, 0.578947]
[8, 0, 0.727273]
[6, 0, 0.625]
[4, 0, 0.526316]
[1, 0, 1.04545]
[1, 0, 1]
[7, 0, 0.846154]
[0, 3, 0.636364]
[4, 0, 0.55]
[5, 0, 0.833333]
[1, 0, 0.555556]
[6, 0, 0.5]
[0, 0, 0]
[0, 0, 0]
[8, 0, 0.666667]
[0, 1, 0.5]
[12, 0, 1.77778]
[13, 0, 2]
[9, 0, 0.714286]
[8, 0, 0.5]
[0, 0, 0]
[0, 0, 0.555556]
[3, 0, 0.533333]
[0, 0, 0]
[0, 0, 0]
[6, 0, 0.6]
[0, 0, 0]
[0, 0, 0]
[0, 0, 0]
[0, 0, 0]
[0, 0, 0]
[6, 0, 1.35294]
[0, 0, 0]
[9, 0, 1.69231]
