[0, 0, -35]
[1, 1, -35]
[2, 2, -44]
[3, 3, -37]
[4, 4, -30]
[5, 5, -27]
[6, 6, -23]
[7, 7, -27]
[8, 8, -24]
[9, 9, -27]
[10, 10, -27]
[11, 11, -23]
[12, 12, -19]
[13, 13, -21]
[14, 14, -19]
[15, 15, -15]
[16, 16, -16]
[17, 17, -18]
[18, 18, -16]
[19, 19, -18]
[20, 20, -18]
[21, 21, -19]
[22, 22, -15]
[23, 23, -14]
[24, 24, -17]
[25, 25, -16]
[26, 26, -17]
[27, 27, -17]
[28, 28, -21]
[29, 29, -24]
[30, 30, -24]
[31, 31, -25]
[32, 32, -23]
[33, 33, -25]
[34, 34, -26]
[35, 35, -27]
[36, 36, -28]
[37, 37, -27]
[38, 38, -26]
[39, 39, -28]
[40, 40, -26]
[41, 41, -24]
[42, 42, -26]
[43, 43, -27]
[44, 44, -22]
[45, 45, -21]
[46, 46, -23]
[47, 47, -23]
[48, 48, -23]
[49, 49, -24]
[50, 50, -25]
[51, 51, -22]
[52, 52, -23]
[53, 53, -18]
[54, 54, -16]
[55, 57, -17]
[56, 58, -17]
[57, 59, -17]
[58, 60, -19]
[59, 61, -21]
[60, 62, -22]
[61, 63, -20]
[62, 63, -21]
[63, 63, -18]
[64, 65, -11]
[65, 67, -11]
[66, 67, -16]
[67, 66, -15]
[68, 67, -11]
[69, 68, -14]
[70, 69, -16]
[71, 72, -26]
[72, 73, -19]
[73, 73, -19]
[74, 74, -19]
[75, 75, -16]
[76, 76, -16]
[77, 77, -16]
[78, 78, -17]
[79, 79, -15]
[80, 80, -12]
[81, 81, -16]
[82, 79, -19]
[83, 79, -18]
[84, 80, -14]
[85, 81, -13]
[86, 81, -12]
[87, 81, -9]
[88, 82, 2]
[89, 83, -2]
[90, 81, -19]
[91, 82, -23]
[92, 83, -21]
[93, 84, -16]
[94, 85, -21]
[95, 86, -11]
[96, 87, -8]
[97, 88, -5]
[98, 89, -4]
[99, 90, -3]
[100, 101, 0]
[101, 101, 0]
[102, 102, 10]
[103, 103, 0]
[104, 104, -3]
[105, 105, 0]
[106, 106, 0]
[107, 107, 0]
[108, 108, 0]
[109, 109, -8]
[110, 110, -10]
[111, 111, -12]
[112, 112, -18]
[113, 113, -20]
[114, 114, -20]
[115, 115, -17]
[116, 116, -18]
[117, 117, -19]
[118, 118, -19]
[119, 119, -17]
[120, 120, -19]
[121, 121, -17]
[122, 122, -21]
[123, 123, -20]
[124, 124, -22]
[125, 125, -23]
[126, 126, -32]
[127, 127, -28]
[128, 128, -25]
[129, 129, -27]
[130, 130, -30]
[131, 131, -28]
[132, 132, -25]
[133, 133, -32]
[134, 134, -29]
[135, 135, -34]
[136, 136, -29]
[137, 137, -30]
[138, 138, -29]
[139, 139, -31]
[140, 140, -32]
[141, 141, -32]
[142, 142, -35]
[143, 143, -34]
[144, 144, -33]
[145, 145, -35]
[146, 146, -33]
[147, 147, -34]
[148, 148, -34]
[149, 149, -34]
[150, 150, -39]
[151, 151, -43]
[152, 152, -42]
[153, 153, -41]
[154, 154, -43]
[155, 155, -40]
[156, 156, -38]
[157, 157, -39]
[158, 158, -43]
[159, 159, -43]
[160, 160, -48]
[161, 161, -45]
[162, 162, -44]
[163, 163, -38]
[164, 164, -39]
[165, 165, -41]
[166, 166, -43]
[167, 167, -44]
[168, 168, -48]
[169, 169, -44]
[170, 170, -42]
[171, 171, -40]
[172, 172, -42]
[173, 173, -41]
[174, 174, -43]
[175, 175, -44]
[176, 176, -47]
[177, 177, -43]
[178, 178, -43]
[179, 179, -41]
[180, 182, -45]
[181, 183, -42]
[182, 184, -41]
[183, 184, -35]
[184, 184, -37]
[185, 185, -43]
[186, 186, -47]
[187, 187, -48]
[188, 186, -46]
[189, 188, -39]
[190, 190, -47]
[191, 191, -48]
[192, 192, -47]
[193, 193, -44]
[194, 194, -40]
[195, 195, -38]
[196, 196, -40]
[197, 197, -47]
[198, 198, -51]
[199, 199, -54]
[200, 200, -51]
[201, 201, -50]
[202, 202, -47]
[203, 203, -41]
[204, 204, -41]
[205, 205, -39]
[206, 206, -37]
[207, 207, -40]
[208, 208, -38]
[209, 209, -41]
[210, 210, -42]
[211, 211, -44]
[212, 212, -47]
[213, 213, -48]
[214, 214, -47]
[215, 215, -48]
[216, 216, -48]
[217, 217, -45]
[218, 218, -41]
[219, 219, -41]
[220, 220, -43]
[221, 221, -47]
[222, 222, -49]
[223, 223, -50]
[224, 224, -45]
[225, 225, -45]
[226, 226, -48]
[227, 227, -49]
[228, 228, -49]
[229, 229, -49]
[230, 230, -50]
[231, 231, -48]
[232, 232, -46]
[233, 233, -50]
[234, 234, -50]
[235, 235, -47]
[236, 236, -35]
[237, 237, -48]
[238, 238, -47]
[239, 239, -46]
[240, 240, -48]
[241, 241, -48]
[242, 242, -49]
[243, 243, -49]
[244, 244, -45]
[245, 245, -32]
[246, 246, -41]
[247, 247, -40]
[248, 248, -54]
[249, 249, -52]
[250, 250, -50]
[251, 251, -51]
[252, 252, -54]
[253, 253, -53]
[254, 254, -53]
[255, 255, -51]
[256, 256, -45]
[257, 257, -43]
[258, 258, -48]
[259, 259, -49]
[260, 260, -49]
[261, 261, -48]
[262, 262, -49]
[263, 263, -37]
[264, 264, -45]
[265, 265, -50]
[266, 266, -52]
[267, 267, -52]
[268, 268, -53]
[269, 269, -52]
[270, 270, -50]
[271, 271, -51]
[272, 272, -42]
[273, 273, -47]
[274, 274, -55]
[275, 275, -50]
[276, 276, -54]
[277, 277, -50]
[278, 278, -51]
[279, 279, -53]
[280, 280, -52]
[281, 281, -50]
[282, 282, -38]
[283, 283, -51]
[284, 284, -53]
[285, 285, -50]
[286, 286, -50]
[287, 287, -52]
[288, 288, -52]
[289, 289, -54]
[290, 290, -54]
[291, 291, -56]
[292, 292, -53]
[293, 293, -52]
[294, 294, -52]
[295, 295, -53]
[296, 296, -54]
[297, 297, -53]
[298, 298, -55]
[299, 299, -56]
[300, 300, -56]
[301, 301, -55]
[302, 302, -54]
[303, 303, -55]
[304, 304, -53]
[305, 305, -55]
[306, 306, -54]
[307, 307, -51]
[308, 308, -55]
[309, 309, -54]
[310, 310, -53]
[311, 311, -54]
[312, 312, -54]
[313, 313, -55]
[314, 314, -57]
[315, 315, -57]
[316, 316, -58]
[317, 317, -55]
[318, 318, -55]
[319, 319, -56]
[320, 320, -55]
[321, 321, -53]
[322, 322, -53]
[323, 323, -51]
[324, 324, -52]
[325, 325, -53]
[326, 326, -46]
[327, 327, -53]
[328, 328, -47]
[329, 329, -49]
[330, 330, -53]
[331, 331, -51]
[332, 332, -52]
[333, 333, -53]
[334, 334, -55]
[335, 335, -56]
[336, 336, -57]
[337, 337, -57]
[338, 338, -58]
[339, 339, -60]
[340, 340, -56]
[341, 341, -58]
[342, 342, -60]
[343, 343, -60]
[344, 344, -50]
[345, 345, -61]
[346, 346, -60]
[347, 347, -58]
[348, 348, -57]
[349, 349, -61]
[350, 350, -65]
[351, 351, -61]
[352, 352, -64]
[353, 353, -58]
[354, 354, -54]
[355, 355, -56]
[356, 356, -49]
[357, 357, -60]
[358, 358, -57]
[359, 359, -59]
[360, 360, -55]
[361, 361, -59]
[362, 362, -55]
[363, 363, -55]
[364, 364, -55]
[365, 365, -59]
[366, 366, -64]
[367, 367, -66]
[368, 368, -68]
[369, 369, -65]
[370, 370, -63]
[371, 371, -63]
[372, 372, -61]
[373, 373, -63]
[374, 374, -65]
[375, 375, -69]
[376, 376, -64]
[377, 377, -66]
[378, 378, -65]
[379, 379, -59]
[380, 380, -64]
[381, 381, -66]
[382, 382, -66]
[383, 383, -66]
[384, 384, -68]
[385, 385, -68]
[386, 386, -64]
[387, 387, -68]
[388, 388, -70]
[389, 389, -72]
[390, 390, -73]
[391, 391, -70]
[392, 392, -72]
[393, 393, -73]
[394, 394, -71]
[395, 395, -70]
[396, 396, -75]
[397, 397, -73]
[398, 398, -75]
[399, 399, -77]
[400, 400, -77]
[401, 401, -77]
[402, 402, -84]
[403, 403, -69]
[404, 404, -80]
[405, 405, -76]
[406, 406, -80]
[407, 407, -74]
[408, 408, -85]
[409, 409, -83]
[410, 410, -82]
[411, 411, -85]
[412, 412, -68]
[413, 413, -83]
[414, 414, -82]
[415, 415, -83]
[416, 416, -84]
[417, 417, -72]
[418, 418, -81]
[419, 419, -82]
[420, 420, -53]
[421, 421, -60]
[422, 422, -57]
[423, 423, -51]
[424, 424, -57]
[425, 425, -67]
[426, 426, -71]
[427, 427, -72]
[428, 428, -78]
[429, 429, -60]
[430, 430, -55]
[431, 431, -61]
[432, 432, -65]
[433, 433, -56]
[434, 434, -54]
[435, 435, -57]
[436, 436, -62]
[437, 437, -56]
[438, 438, -59]
[439, 439, -50]
[440, 440, -53]
[441, 441, -48]
[442, 442, -55]
[443, 443, -56]
[444, 444, -43]
[445, 445, -42]
[446, 446, -42]
[447, 447, -46]
[448, 448, -50]
[449, 449, -54]
[450, 450, -52]
[451, 451, -50]
[452, 452, -54]
[453, 453, -52]
[454, 454, -56]
[455, 455, -53]
[456, 456, -59]
[457, 457, -56]
[458, 458, -59]
[459, 459, -62]
[460, 460, -57]
[461, 461, -56]
[462, 462, -57]
[463, 463, -57]
[464, 464, -56]
[465, 465, -56]
[466, 466, -59]
[467, 467, -64]
[468, 468, -54]
[469, 469, -58]
[470, 470, -65]
[471, 471, -69]
[472, 472, -61]
[473, 473, -58]
[474, 474, -56]
[475, 475, -57]
[476, 476, -57]
[477, 477, -44]
[478, 478, -53]
[479, 479, -51]
[480, 480, -50]
[481, 481, 0]
[482, 482, -50]
[483, 483, -53]
[484, 484, -53]
[485, 485, -50]
[486, 486, -51]
[487, 487, -49]
[488, 488, -49]
[489, 489, -54]
[490, 490, -50]
[491, 491, -44]
[492, 492, -55]
[493, 493, -63]
[494, 494, -50]
[495, 495, -53]
[496, 496, -55]
[497, 497, -58]
[498, 498, -56]
[499, 499, -54]
[500, 500, -53]
[501, 501, -49]
[502, 502, -51]
[503, 503, -53]
[504, 504, -57]
[505, 505, -50]
[506, 506, -52]
[507, 507, -52]
[508, 508, -51]
[509, 509, -44]
[510, 510, -46]
[511, 511, -44]
[512, 512, -45]
[513, 513, -44]
[514, 514, -52]
[515, 515, -44]
[516, 516, -42]
[517, 517, -47]
[518, 518, -45]
[519, 519, -51]
[520, 520, -43]
[521, 521, -41]
[522, 522, -41]
[523, 523, -42]
[524, 524, -39]
[525, 525, -45]
[526, 526, -45]
[527, 527, -50]
[528, 528, -48]
[529, 529, -39]
[530, 530, -40]
[531, 531, -42]
[532, 532, -41]
[533, 533, -41]
[534, 534, -40]
[535, 535, -39]
[536, 536, -40]
[537, 537, -33]
[538, 538, -34]
[539, 539, -42]
[540, 540, -38]
[541, 541, -35]
[542, 542, -34]
[543, 543, -38]
[544, 544, -40]
[545, 545, -35]
[546, 546, -38]
[547, 547, -36]
[548, 548, -35]
[549, 549, -45]
[550, 550, -33]
[551, 551, -39]
[552, 552, -40]
[553, 553, -34]
[554, 554, -29]
[555, 555, -47]
[556, 556, -42]
[557, 557, -38]
[558, 558, -36]
[559, 559, -39]
[560, 560, -37]
[561, 561, -39]
[562, 562, -42]
[563, 563, -35]
[564, 564, -36]
[565, 565, -37]
[566, 566, -36]
[567, 567, -33]
[568, 568, -32]
[569, 569, -32]
[570, 570, -31]
[571, 571, -34]
[572, 572, -35]
[573, 573, -38]
[574, 574, -35]
[575, 575, -39]
[576, 576, -33]
[577, 577, -41]
[578, 578, -39]
[579, 579, -28]
[580, 580, -34]
[581, 581, -37]
[582, 582, -32]
[583, 583, -37]
[584, 584, -39]
[585, 585, -37]
[586, 586, -33]
[587, 587, -31]
[588, 588, -34]
[589, 589, -32]
[590, 590, -38]
[591, 591, -30]
[592, 592, -34]
[593, 593, -36]
[594, 594, -40]
[595, 595, -39]
[596, 596, -34]
[597, 597, -33]
[598, 598, -33]
[599, 599, -38]
[600, 600, -34]
[601, 601, -37]
[602, 602, -39]
[603, 603, -34]
[604, 604, -39]
[605, 605, -35]
[606, 606, -36]
[607, 607, -36]
[608, 608, -35]
[609, 609, -35]
[610, 610, -33]
[611, 611, -31]
[612, 612, -34]
[613, 613, -32]
[614, 614, -32]
[615, 615, -35]
[616, 616, -34]
[617, 617, -32]
[618, 618, -33]
[619, 619, -34]
[620, 620, -36]
[621, 621, -38]
[622, 622, -36]
[623, 623, -38]
[624, 624, -36]
[625, 625, -37]
[626, 626, -37]
[627, 627, -33]
[628, 628, -33]
[629, 629, -38]
[630, 630, -34]
[631, 631, -37]
[632, 632, -32]
[633, 633, -33]
[634, 634, -33]
[635, 635, -32]
[636, 636, -39]
[637, 637, -29]
[638, 638, -38]
[639, 639, -35]
[640, 640, -38]
[641, 641, -39]
[642, 642, -38]
[643, 643, -33]
[644, 644, -33]
[645, 645, -31]
[646, 646, -28]
[647, 647, -30]
[648, 648, -38]
[649, 649, -33]
[650, 650, -39]
[651, 651, -34]
[652, 652, -34]
[653, 653, -38]
[654, 654, -36]
[655, 655, -36]
[656, 656, -34]
[657, 657, -39]
[658, 658, -33]
[659, 659, -32]
[660, 660, -32]
[661, 661, -34]
[662, 662, -32]
[663, 663, -34]
[664, 664, -32]
[665, 665, -38]
[666, 666, -32]
[667, 667, -36]
[668, 668, -33]
[669, 669, -34]
[670, 670, -38]
[671, 671, -32]
[672, 672, -35]
[673, 673, -36]
[674, 674, -35]
[675, 675, -34]
[676, 676, -31]
[677, 677, -32]
[678, 678, -31]
[679, 679, -33]
[680, 680, -34]
[681, 681, -37]
[682, 682, -38]
[683, 683, -35]
[684, 684, -33]
[685, 685, -31]
[686, 686, -34]
[687, 687, -31]
[688, 688, -32]
[689, 689, -31]
[690, 690, -32]
[691, 691, -33]
[692, 692, -41]
[693, 693, -39]
[694, 694, -36]
[695, 695, -43]
[696, 696, -44]
[697, 697, -40]
[698, 698, -42]
[699, 699, -40]
[700, 700, -38]
[701, 701, -38]
[702, 702, -45]
[703, 703, -37]
[704, 704, -37]
[705, 705, -38]
[706, 706, -30]
[707, 707, -37]
[708, 708, -33]
[709, 709, -39]
[710, 710, -41]
[711, 711, -45]
[712, 712, -31]
[713, 713, -36]
[714, 714, -40]
[715, 715, -29]
[716, 716, -30]
[717, 717, -31]
[718, 718, -34]
[719, 719, -31]
[720, 720, -33]
[721, 721, -35]
[722, 722, -40]
[723, 723, -32]
[724, 724, -35]
[725, 725, -30]
[726, 726, -30]
[727, 727, -27]
[728, 728, -30]
[729, 729, -34]
[730, 730, -33]
[731, 731, -34]
[732, 732, -33]
[733, 733, -36]
[734, 734, -37]
[735, 735, -38]
[736, 736, -37]
[737, 737, -33]
[738, 738, -36]
[739, 739, -39]
[740, 740, -31]
[741, 741, -38]
[742, 742, -39]
[743, 743, -39]
[744, 744, -35]
[745, 745, -35]
[746, 746, -36]
[747, 747, -34]
[748, 748, -33]
[749, 749, -27]
[750, 750, -29]
[751, 751, -31]
[752, 752, -36]
[753, 753, -38]
[754, 754, -33]
[755, 755, -38]
[756, 756, -33]
[757, 757, -35]
[758, 758, -32]
[759, 759, -32]
[760, 760, -28]
[761, 761, -26]
[762, 762, -33]
[763, 763, -29]
[764, 764, -33]
[765, 765, -40]
[766, 766, -38]
[767, 767, -35]
[768, 768, -31]
[769, 769, -30]
[770, 770, -27]
[771, 771, -26]
[772, 772, -27]
[773, 773, -24]
[774, 774, -35]
[775, 775, -26]
[776, 776, -31]
[777, 777, -35]
[778, 778, -32]
[779, 779, -33]
[780, 780, -34]
[781, 781, -30]
[782, 782, -34]
[783, 783, -31]
[784, 784, -32]
[785, 785, -29]
[786, 786, -28]
[787, 787, -32]
[788, 788, -37]
[789, 789, -25]
[790, 790, -31]
[791, 791, -31]
[792, 792, -32]
[793, 793, -32]
[794, 794, -35]
[795, 795, -34]
[796, 796, -34]
[797, 797, -30]
[798, 798, -32]
[799, 799, -30]
[800, 800, -33]
[801, 801, -32]
[802, 802, -30]
[803, 803, -30]
[804, 804, -33]
[805, 805, -29]
[806, 806, -32]
[807, 807, -36]
[808, 808, -36]
[809, 809, -32]
[810, 810, -32]
[811, 811, -31]
[812, 812, -33]
[813, 813, -32]
[814, 814, -24]
[815, 815, -32]
[816, 816, -31]
[817, 817, -29]
[818, 818, -32]
[819, 819, -29]
[820, 820, -30]
[821, 821, -31]
[822, 822, -33]
[823, 823, -38]
[824, 824, -30]
[825, 825, -32]
[826, 826, -34]
[827, 827, -34]
[828, 828, -31]
[829, 829, -34]
[830, 830, -33]
[831, 831, -35]
[832, 832, -32]
[833, 833, -30]
[834, 834, -30]
[835, 835, -30]
[836, 836, -27]
[837, 837, -27]
[838, 838, -32]
[839, 839, -34]
[840, 840, -29]
[841, 841, -33]
[842, 842, -32]
[843, 843, -30]
[844, 844, -33]
[845, 845, -26]
[846, 846, -30]
[847, 847, -28]
[848, 848, -29]
[849, 849, -27]
[850, 850, -32]
[851, 851, -30]
[852, 852, -27]
[853, 853, -27]
[854, 854, -27]
[855, 855, -26]
[856, 856, -27]
[857, 857, -27]
[858, 858, -30]
[859, 859, -27]
[860, 860, -28]
[861, 861, -28]
[862, 862, -27]
[863, 863, -28]
[864, 864, -29]
[865, 865, -27]
[866, 866, -28]
[867, 867, -30]
[868, 868, -34]
[869, 869, -31]
[870, 870, -26]
[871, 871, -33]
