68
68
68
68
68
68
68
68
68
68
68
68
68
68
68
68
68
68
68
68
68
68
68
68
68
69
75
82
91
98
110
111
112
113
123
124
125
126
127
131
132
133
134
135
136
141
142
143
147
148
149
150
151
152
155
163
164
167
168
176
177
178
179
180
181
189
190
191
192
193
194
195
196
197
198
199
200
201
202
203
204
205
211
212
213
214
215
216
217
218
219
220
223
224
225
226
227
228
229
236
242
252
253
255
256
257
274
275
303
331
339
346
371
372
373
374
378
379
382
383
384
385
391
406
407
417
424
425
429
435
442
459
462
467
468
469
470
473
474
475
476
477
478
480
487
493
494
495
496
507
508
509
510
511
513
517
518
519
522
523
524
525
526
527
528
529
530
537
538
539
540
544
545
546
547
548
549
550
551
552
554
556
558
559
560
561
562
563
564
565
566
567
568
569
570
571
576
577
578
579
580
581
582
583
584
585
586
587
588
589
590
591
592
593
594
595
596
597
598
599
604
605
609
610
611
612
614
615
616
621
622
623
624
625
627
628
629
630
631
633
634
635
641
642
643
646
652
653
654
655
656
657
658
659
660
661
662
663
670
671
672
673
674
675
676
677
682
683
684
685
686
691
692
693
694
695
696
697
699
700
701
709
710
713
714
715
717
720
721
722
723
724
725
726
727
728
729
730
731
732
733
735
738
739
740
741
742
743
746
747
748
749
752
756
757
758
759
760
761
762
763
764
769
772
773
774
775
776
778
779
780
781
789
797
798
799
800
804
805
806
807
813
820
821
822
823
824
825
826
827
828
829
830
831
832
833
834
835
836
837
838
839
841
842
843
844
845
846
847
848
849
850
851
852
853
854
855
856
857
858
859
860
861
862
863
864
865
866
867
869
870
871
872
873
874
876
877
878
879
880
881
882
883
884
885
886
887
888
889
890
891
892
893
894
895
897
898
900
901
902
903
905
906
907
908
909
911
915
916
917
918
920
921
923
924
925
926
927
932
933
934
935
937
938
939
940
941
942
943
944
945
946
947
948
949
952
953
957
958
959
963
966
967
969
970
971
973
974
975
976
977
978
979
982
983
984
985
987
988
989
990
991
992
993
998
999
1000
1001
1003
1004
1005
1006
1007
1008
1009
1010
1011
1012
1013
1014
1015
1016
1017
1018
1019
1021
1022
1023
1024
1025
1026
1027
1029
1032
1037
1038
1039
1042
1043
1046
1047
1051
1052
1053
1054
1055
1058
1060
1063
1066
1070
1071
1072
1073
1074
1078
1079
1080
1081
1082
1083
1084
1087
1088
1089
1090
1091
1092
1093
1094
1095
1097
1098
1099
1100
1101
1105
1106
1107
1110
1111
1113
1114
1121
1122
1123
1124
1127
1128
1129
1130
1131
1132
1135
1136
1137
1138
1139
1141
1145
1146
1147
1148
1149
1150
1151
1157
1158
1161
1162
1163
1164
1165
1166
1167
1168
1169
1170
1171
1172
1173
1174
1175
1176
1177
1178
1179
1180
1181
1182
1183
1184
1185
1186
1188
1189
1190
1191
1192
1193
1194
1195
1196
1197
1198
1199
1200
1201
1202
1203
1204
1205
1206
1207
1208
1209
1210
1211
1212
1213
1214
1215
1216
1217
1218
1219
1220
1221
1222
1223
1224
1225
1226
1227
1228
1229
1230
1231
1232
1233
1234
1235
1236
1237
1238
1239
1240
1241
1242
1243
1244
1245
1246
1247
1249
1250
1251
1252
1253
1254
1255
1256
1257
1258
1259
1260
1261
1262
1263
1264
1265
1266
1268
1269
1270
1271
1272
1273
1274
1275
1276
1277
1278
1279
1280
1281
1282
1283
1284
1285
1286
1287
1288
1289
1290
1291
1292
1293
1294
1295
1296
1297
1298
1299
1300
1301
1302
1303
1304
1305
1306
1307
1309
1310
1311
1312
1313
1314
1315
1316
1317
1318
1319
1320
1321
1322
1323
1324
1325
1326
1327
1328
1329
1330
1331
1332
1333
1334
1335
1336
1337
1338
1339
1340
1341
1342
1343
1344
1345
1346
1348
1349
1350
1351
1352
1353
1354
1355
1356
1357
1358
1359
1360
1361
1362
1363
1364
1365
1366
1367
1368
1369
1370
1371
1372
1373
1374
1375
1376
1377
1378
1379
1380
1381
1382
1383
1384
1385
1386
1387
1388
1389
1390
1391
1392
1393
1394
1395
1396
1397
1398
1399
1400
1401
1402
1403
1405
1406
1407
1408
1409
1410
1411
1412
1413
1414
1415
1417
1418
1419
1420
1421
1422
1423
1424
1425
1426
1427
1428
1429
1430
1431
1432
1433
1434
1435
1436
1437
1438
1439
1440
1441
1442
1443
1444
1445
1446
1447
1448
1449
1450
1451
