[0, 0, -18]
[1, 1, -23]
[2, 2, -23]
[3, 2, -22]
[4, 3, -23]
[5, 4, -26]
[6, 5, -28]
[7, 6, -32]
[8, 7, -29]
[9, 8, -29]
[10, 9, -32]
[11, 11, -29]
[12, 11, -34]
[13, 12, -32]
[14, 13, -31]
[15, 14, -27]
[16, 15, -21]
[17, 16, -21]
[18, 17, -26]
[19, 18, -23]
[20, 20, -23]
[21, 21, -25]
[22, 22, -23]
[23, 23, -23]
[24, 24, -22]
[25, 26, -28]
[26, 26, -29]
[27, 27, -31]
[28, 28, -30]
[29, 29, -30]
[30, 30, -29]
[31, 31, -31]
[32, 32, -35]
[33, 33, -35]
[34, 34, -37]
[35, 35, -37]
[36, 36, -38]
[37, 37, -40]
[38, 38, -42]
[39, 41, -42]
[40, 42, -44]
[41, 43, -39]
[42, 44, -35]
[43, 45, -45]
[44, 46, -40]
[45, 47, -44]
[46, 48, -44]
[47, 49, -46]
[48, 50, -54]
[49, 51, -51]
[50, 52, -51]
[51, 53, -55]
[52, 54, -55]
[53, 55, -56]
[54, 56, -53]
[55, 57, -52]
[56, 58, -54]
[57, 59, -52]
[58, 60, -50]
[59, 60, -56]
[60, 61, -57]
[61, 62, -58]
[62, 63, -58]
[63, 65, -56]
[64, 66, -50]
[65, 67, -51]
[66, 68, -27]
[67, 67, -22]
[68, 62, -31]
[69, 63, -27]
[70, 64, -18]
[71, 65, -7]
[72, 66, 1]
[73, 67, 14]
[74, 68, 20]
[75, 69, 33]
[76, 68, 36]
[77, 68, 42]
[78, 69, 53]
[79, 70, 69]
[80, 71, 80]
[81, 72, 92]
[82, 72, 103]
[83, 71, 105]
[84, 86, -7]
[85, 87, 11]
[86, 88, 10]
[87, 89, 0]
[88, 89, 0]
[89, 90, 0]
[90, 91, 0]
[91, 91, 0]
[92, 94, 0]
[93, 95, 0]
[94, 96, 0]
[95, 97, 0]
[96, 96, 0]
[97, 98, 0]
[98, 99, 0]
[99, 100, 0]
[100, 100, 0]
[101, 101, 0]
[102, 102, 0]
[103, 102, 0]
[104, 103, 0]
[105, 104, 0]
[106, 105, 0]
[107, 106, 0]
[108, 107, 0]
[109, 108, 0]
[110, 109, 0]
[111, 110, 0]
[112, 111, 0]
[113, 112, 0]
[114, 113, 0]
[115, 114, 0]
[116, 116, 0]
[117, 117, 0]
[118, 118, 0]
[119, 119, 0]
[120, 120, -7]
[121, 121, -8]
[122, 122, -13]
[123, 123, -17]
[124, 123, 0]
[125, 124, 0]
[126, 125, 0]
[127, 126, 6]
[128, 127, 6]
[129, 128, 5]
[130, 129, 1]
[131, 130, -4]
[132, 131, 0]
[133, 132, 22]
[134, 132, 41]
[135, 133, 32]
[136, 134, 20]
[137, 135, 25]
[138, 136, 15]
[139, 137, 16]
[140, 138, 17]
[141, 139, 19]
[142, 141, 0]
[143, 140, 0]
[144, 141, 0]
[145, 142, 0]
[146, 143, -104]
[147, 144, -108]
[148, 144, -91]
[149, 145, -103]
[150, 146, -107]
[151, 141, -22]
[152, 138, 0]
[153, 138, 0]
[154, 139, -25]
[155, 140, -48]
[156, 157, -44]
[157, 158, -41]
[158, 160, -25]
[159, 161, -28]
[160, 162, -29]
[161, 160, -76]
[162, 161, -76]
[163, 170, -5]
[164, 180, 18]
[165, 181, 24]
[166, 185, 49]
[167, 186, 49]
[168, 187, 49]
[169, 188, 46]
[170, 189, 44]
[171, 187, 12]
[172, 188, 11]
[173, 189, 13]
[174, 188, -13]
[175, 189, -11]
[176, 190, -11]
[177, 191, -7]
[178, 192, 0]
[179, 193, -17]
[180, 194, -12]
[181, 195, -9]
[182, 196, -10]
[183, 197, -9]
[184, 198, -12]
[185, 199, -12]
[186, 200, -13]
[187, 201, -17]
[188, 199, -10]
[189, 200, -13]
[190, 201, -1]
