290
290
290
290
290
290
290
290
290
290
290
290
290
290
290
290
290
290
290
290
290
290
290
290
290
309
340
359
383
409
432
457
477
500
524
545
562
582
599
615
628
641
655
666
677
687
697
707
716
727
737
745
754
762
770
777
783
792
803
812
822
838
850
860
863
866
869
872
875
878
881
884
887
890
893
897
900
903
906
910
914
919
923
928
934
942
952
956
961
968
976
989
1000
1011
1022
1027
1034
1043
1050
1059
1066
1074
1087
1096
1105
1114
1122
1131
1139
1147
1155
1156
1164
1174
1182
1190
1198
1205
1212
1216
1220
1224
1228
1233
1238
1242
1246
1250
1254
1258
1262
1266
1269
1274
1280
1285
1290
1295
1299
1306
1314
1330
1343
1365
1386
1391
1396
1402
1409
1415
1430
1447
1464
1469
1487
1507
1529
1549
1570
1591
1607
1622
1632
1637
1647
1656
1668
1676
1680
1682
1684
1686
1688
1692
1696
1700
1705
1712
1720
1729
1737
1743
1748
1753
1760
1768
1777
1779
1785
1795
1806
