( 0,  0,  6) -> ( 1,  0,  6) : (    2.600000,     4.300000,    15.200000,    10.700000)
( 0,  0,  6) -> ( 2,  0,  6) : (    2.125000,     4.000000,    16.625000,     7.875000)
( 0,  0,  6) -> ( 3,  0,  6) : (    4.500000,     3.166667,    18.166667,     8.666667)
( 0,  0,  6) -> ( 4,  0,  6) : (    4.750000,     4.000000,    62.250000,    19.750000)
( 0,  0,  6) -> ( 5,  0,  6) : (    4.833333,     4.000000,    25.666667,     8.833333)
( 0,  0,  6) -> ( 6,  0,  6) : (    5.333333,     6.166667,    35.666667,     9.333333)
( 0,  0,  6) -> ( 7,  0,  6) : (    8.000000,     7.285714,    36.428571,    10.285714)
( 0,  0,  6) -> ( 8,  0,  6) : (    5.500000,    11.166667,    45.500000,    12.000000)
( 0,  0,  6) -> ( 9,  0,  6) : (    8.666667,    10.000000,   100.500000,    28.166667)
( 1,  0,  6) -> ( 2,  0,  6) : (    3.000000,     2.400000,    50.000000,    10.400000)
( 1,  0,  6) -> ( 3,  0,  6) : (    4.500000,     1.333333,     6.666667,     1.666667)
( 1,  0,  6) -> ( 4,  0,  6) : (    5.142857,     2.857143,    48.000000,    10.285714)
( 1,  0,  6) -> ( 5,  0,  6) : (    5.200000,     3.000000,     9.200000,     4.200000)
( 1,  0,  6) -> ( 6,  0,  6) : (    5.000000,     4.833333,    42.333333,     5.500000)
( 1,  0,  6) -> ( 7,  0,  6) : (    6.333333,     6.166667,    47.000000,     7.333333)
( 1,  0,  6) -> ( 8,  0,  6) : (    6.714286,     7.857143,    24.571429,     5.714286)
( 1,  0,  6) -> ( 9,  0,  6) : (   11.000000,     9.571429,    78.857143,    21.142857)
( 2,  0,  6) -> ( 3,  0,  6) : (    1.428571,     2.857143,     3.857143,     1.571429)
( 2,  0,  6) -> ( 4,  0,  6) : (    1.833333,     4.500000,    10.166667,    10.333333)
( 2,  0,  6) -> ( 5,  0,  6) : (    2.571429,     3.428571,     7.571429,     3.857143)
( 2,  0,  6) -> ( 6,  0,  6) : (    4.428571,     3.857143,    55.142857,    14.714286)
( 2,  0,  6) -> ( 7,  0,  6) : (    5.857143,     4.714286,    34.000000,     8.285714)
( 2,  0,  6) -> ( 8,  0,  6) : (    4.833333,    11.000000,    53.666667,    10.833333)
( 2,  0,  6) -> ( 9,  0,  6) : (    8.666667,     5.500000,   109.000000,    32.500000)
( 3,  0,  6) -> ( 4,  0,  6) : (    1.750000,     1.500000,     3.750000,     2.000000)
( 3,  0,  6) -> ( 5,  0,  6) : (    2.166667,     2.166667,     6.000000,     3.333333)
( 3,  0,  6) -> ( 6,  0,  6) : (    3.000000,     3.666667,    60.500000,    16.833333)
( 3,  0,  6) -> ( 7,  0,  6) : (    4.000000,     4.000000,    33.833333,     9.333333)
( 3,  0,  6) -> ( 8,  0,  6) : (    5.000000,     4.800000,    53.000000,    13.400000)
( 3,  0,  6) -> ( 9,  0,  6) : (    8.000000,     5.200000,   119.600000,    31.800000)
( 4,  0,  6) -> ( 5,  0,  6) : (    1.571429,     1.428571,     4.285714,     1.714286)
( 4,  0,  6) -> ( 6,  0,  6) : (    5.625000,     3.000000,    38.375000,    10.125000)
( 4,  0,  6) -> ( 7,  0,  6) : (    3.666667,     3.166667,    30.333333,     8.166667)
( 4,  0,  6) -> ( 8,  0,  6) : (    8.000000,     5.142857,    42.857143,    13.142857)
( 4,  0,  6) -> ( 9,  0,  6) : (    7.250000,     7.625000,    81.375000,    26.500000)
( 5,  0,  6) -> ( 6,  0,  6) : (    4.625000,     3.500000,    46.500000,    12.750000)
( 5,  0,  6) -> ( 7,  0,  6) : (    2.500000,     3.500000,    27.833333,     7.333333)
( 5,  0,  6) -> ( 8,  0,  6) : (    4.000000,     5.166667,    45.500000,    10.500000)
( 5,  0,  6) -> ( 9,  0,  6) : (    6.000000,     6.500000,    49.666667,    17.500000)
( 6,  0,  6) -> ( 7,  0,  6) : (    1.750000,     1.750000,    20.875000,     5.000000)
( 6,  0,  6) -> ( 8,  0,  6) : (    2.625000,     6.500000,    31.375000,     7.625000)
( 6,  0,  6) -> ( 9,  0,  6) : (    6.428571,     3.857143,    39.714286,    15.000000)
( 7,  0,  6) -> ( 8,  0,  6) : (    3.727273,     5.454545,    53.272727,     7.818182)
( 7,  0,  6) -> ( 9,  0,  6) : (    4.400000,     4.500000,    83.600000,     9.800000)
( 8,  0,  6) -> ( 9,  0,  6) : (    4.000000,     3.600000,    49.600000,     5.700000)
( 0,  1,  6) -> ( 1,  1,  6) : (   10.125000,     3.000000,    37.500000,    13.750000)
( 0,  1,  6) -> ( 2,  1,  6) : (    2.500000,     4.000000,     6.500000,     5.666667)
( 0,  1,  6) -> ( 3,  1,  6) : (    2.833333,     4.166667,    16.666667,    12.833333)
( 0,  1,  6) -> ( 4,  1,  6) : (    2.750000,     4.500000,    25.750000,    12.750000)
( 0,  1,  6) -> ( 5,  1,  6) : (    4.666667,     2.833333,    44.333333,    12.333333)
( 0,  1,  6) -> ( 6,  1,  6) : (    5.500000,     7.000000,    24.250000,    26.750000)
( 0,  1,  6) -> ( 7,  1,  6) : (    5.666667,     7.166667,    30.000000,    11.166667)
( 0,  1,  6) -> ( 8,  1,  6) : (    9.142857,    12.142857,    67.571429,    18.142857)
( 0,  1,  6) -> ( 9,  1,  6) : (    6.800000,     8.400000,    74.200000,    25.800000)
( 1,  1,  6) -> ( 2,  1,  6) : (    3.500000,     2.166667,    50.666667,     5.166667)
( 1,  1,  6) -> ( 3,  1,  6) : (    6.250000,     8.000000,    39.750000,    14.500000)
( 1,  1,  6) -> ( 4,  1,  6) : (    3.400000,     1.400000,    55.800000,    11.800000)
( 1,  1,  6) -> ( 5,  1,  6) : (    4.285714,     6.571429,    94.857143,    33.857143)
( 1,  1,  6) -> ( 6,  1,  6) : (    6.000000,     6.571429,    79.428571,    24.142857)
( 1,  1,  6) -> ( 7,  1,  6) : (   12.833333,    17.333333,    95.000000,    36.500000)
( 1,  1,  6) -> ( 8,  1,  6) : (    7.833333,    13.833333,    39.500000,    25.000000)
( 1,  1,  6) -> ( 9,  1,  6) : (    6.666667,     9.833333,   125.333333,    70.000000)
( 2,  1,  6) -> ( 3,  1,  6) : (    2.400000,     5.500000,    39.400000,    12.700000)
( 2,  1,  6) -> ( 4,  1,  6) : (    1.750000,     1.875000,    42.000000,     8.875000)
( 2,  1,  6) -> ( 5,  1,  6) : (    2.333333,     2.444444,    26.555556,     8.555556)
( 2,  1,  6) -> ( 6,  1,  6) : (    3.000000,     4.875000,    45.500000,    16.125000)
( 2,  1,  6) -> ( 7,  1,  6) : (    4.000000,     4.166667,    27.333333,     8.166667)
( 2,  1,  6) -> ( 8,  1,  6) : (    6.714286,     9.285714,    22.285714,     8.714286)
( 2,  1,  6) -> ( 9,  1,  6) : (    8.500000,     7.500000,    31.750000,    21.750000)
( 3,  1,  6) -> ( 4,  1,  6) : (    1.833333,     1.666667,    43.166667,     6.833333)
( 3,  1,  6) -> ( 5,  1,  6) : (    3.200000,     2.000000,    64.600000,    11.200000)
( 3,  1,  6) -> ( 6,  1,  6) : (    2.800000,     3.200000,    52.000000,     9.600000)
( 3,  1,  6) -> ( 7,  1,  6) : (    4.833333,     3.500000,    20.833333,     8.833333)
( 3,  1,  6) -> ( 8,  1,  6) : (    8.750000,     9.250000,    52.000000,    10.750000)
( 3,  1,  6) -> ( 9,  1,  6) : (   10.200000,     4.400000,    26.600000,    19.400000)
( 4,  1,  6) -> ( 5,  1,  6) : (    1.166667,     2.500000,    29.000000,     5.833333)
( 4,  1,  6) -> ( 6,  1,  6) : (    3.666667,     3.333333,    28.888889,    10.000000)
( 4,  1,  6) -> ( 7,  1,  6) : (    4.714286,     8.142857,    37.428571,    11.714286)
( 4,  1,  6) -> ( 8,  1,  6) : (    6.800000,     9.000000,    59.000000,     6.400000)
( 4,  1,  6) -> ( 9,  1,  6) : (   10.400000,     3.800000,    69.000000,    20.800000)
( 5,  1,  6) -> ( 6,  1,  6) : (    2.875000,     3.000000,    57.750000,     6.000000)
( 5,  1,  6) -> ( 7,  1,  6) : (    6.250000,     4.125000,    15.125000,    14.250000)
( 5,  1,  6) -> ( 8,  1,  6) : (    6.625000,     5.000000,    11.750000,    12.125000)
( 5,  1,  6) -> ( 9,  1,  6) : (    6.625000,     5.125000,    42.625000,    23.500000)
( 6,  1,  6) -> ( 7,  1,  6) : (    6.250000,     7.000000,    28.375000,    11.000000)
( 6,  1,  6) -> ( 8,  1,  6) : (    7.375000,     4.750000,    40.875000,     6.875000)
( 6,  1,  6) -> ( 9,  1,  6) : (    4.571429,     4.571429,    17.857143,    11.142857)
( 7,  1,  6) -> ( 8,  1,  6) : (   10.142857,     3.000000,    39.714286,     4.857143)
( 7,  1,  6) -> ( 9,  1,  6) : (    5.000000,     3.571429,    40.428571,    15.428571)
( 8,  1,  6) -> ( 9,  1,  6) : (    3.500000,     2.000000,    41.625000,     3.750000)
( 0,  2,  6) -> ( 1,  2,  6) : (    6.666667,     2.444444,    40.222222,     4.444444)
( 0,  2,  6) -> ( 2,  2,  6) : (    9.200000,     2.700000,    52.600000,     5.900000)
( 0,  2,  6) -> ( 3,  2,  6) : (    4.428571,     4.000000,    52.142857,     8.285714)
( 0,  2,  6) -> ( 4,  2,  6) : (   11.800000,     7.000000,    63.400000,    21.800000)
( 0,  2,  6) -> ( 5,  2,  6) : (    8.714286,     5.000000,    69.571429,    21.571429)
( 0,  2,  6) -> ( 6,  2,  6) : (    9.555556,     6.222222,    84.555556,    30.000000)
( 0,  2,  6) -> ( 7,  2,  6) : (    6.222222,     6.888889,   111.666667,    24.111111)
( 0,  2,  6) -> ( 8,  2,  6) : (    6.666667,     5.500000,    65.333333,    21.666667)
( 0,  2,  6) -> ( 9,  2,  6) : (    8.875000,     9.500000,    66.625000,    19.000000)
( 1,  2,  6) -> ( 2,  2,  6) : (    4.571429,     1.571429,    24.000000,     3.285714)
( 1,  2,  6) -> ( 3,  2,  6) : (    5.857143,     3.142857,    75.285714,     8.285714)
( 1,  2,  6) -> ( 4,  2,  6) : (    9.500000,     4.500000,    16.833333,    14.166667)
( 1,  2,  6) -> ( 5,  2,  6) : (    6.428571,     3.857143,    42.571429,    17.857143)
( 1,  2,  6) -> ( 6,  2,  6) : (    8.500000,     3.333333,    68.000000,    21.333333)
( 1,  2,  6) -> ( 7,  2,  6) : (    5.625000,     5.125000,    74.375000,    18.875000)
( 1,  2,  6) -> ( 8,  2,  6) : (    7.500000,     7.000000,    58.166667,    27.833333)
( 1,  2,  6) -> ( 9,  2,  6) : (    8.285714,     9.714286,    84.428571,    34.000000)
( 2,  2,  6) -> ( 3,  2,  6) : (    2.625000,     2.250000,     4.750000,     2.000000)
( 2,  2,  6) -> ( 4,  2,  6) : (    5.125000,     3.375000,     8.000000,     9.625000)
( 2,  2,  6) -> ( 5,  2,  6) : (    5.625000,     3.875000,    13.625000,    11.875000)
( 2,  2,  6) -> ( 6,  2,  6) : (    5.285714,     3.714286,    19.285714,    14.285714)
( 2,  2,  6) -> ( 7,  2,  6) : (    7.125000,     6.250000,    50.625000,    12.750000)
( 2,  2,  6) -> ( 8,  2,  6) : (    6.200000,     6.200000,    14.000000,     9.200000)
( 2,  2,  6) -> ( 9,  2,  6) : (    9.000000,    10.166667,    67.333333,     9.500000)
( 3,  2,  6) -> ( 4,  2,  6) : (    5.428571,     1.428571,     2.000000,     1.571429)
( 3,  2,  6) -> ( 5,  2,  6) : (    4.400000,     3.100000,    25.700000,    14.200000)
( 3,  2,  6) -> ( 6,  2,  6) : (    5.125000,     3.375000,    27.875000,    18.250000)
( 3,  2,  6) -> ( 7,  2,  6) : (    5.181818,     4.727273,    53.545455,    13.000000)
( 3,  2,  6) -> ( 8,  2,  6) : (    4.571429,     5.000000,    20.428571,     8.857143)
( 3,  2,  6) -> ( 9,  2,  6) : (   10.500000,     9.000000,    65.833333,    12.333333)
( 4,  2,  6) -> ( 5,  2,  6) : (    2.125000,     1.500000,    22.250000,     5.875000)
( 4,  2,  6) -> ( 6,  2,  6) : (    5.875000,     2.875000,    12.750000,    11.000000)
( 4,  2,  6) -> ( 7,  2,  6) : (    6.333333,     4.000000,   101.000000,    14.000000)
( 4,  2,  6) -> ( 8,  2,  6) : (    4.400000,     3.800000,    17.600000,    10.000000)
( 4,  2,  6) -> ( 9,  2,  6) : (   10.571429,     6.285714,    60.142857,    11.428571)
( 5,  2,  6) -> ( 6,  2,  6) : (    3.875000,     3.500000,    49.875000,     5.375000)
( 5,  2,  6) -> ( 7,  2,  6) : (    5.769231,     4.153846,    39.000000,     8.076923)
( 5,  2,  6) -> ( 8,  2,  6) : (    4.250000,     2.875000,    10.250000,     7.000000)
( 5,  2,  6) -> ( 9,  2,  6) : (    9.900000,     7.200000,    48.900000,     8.700000)
( 6,  2,  6) -> ( 7,  2,  6) : (    3.333333,     1.666667,    20.888889,     7.111111)
( 6,  2,  6) -> ( 8,  2,  6) : (    3.600000,     4.400000,     6.500000,     6.000000)
( 6,  2,  6) -> ( 9,  2,  6) : (    6.333333,     6.888889,    20.222222,     6.888889)
( 7,  2,  6) -> ( 8,  2,  6) : (    1.142857,     1.571429,     2.571429,     2.000000)
( 7,  2,  6) -> ( 9,  2,  6) : (    3.000000,     3.125000,    29.500000,     8.000000)
( 8,  2,  6) -> ( 9,  2,  6) : (    3.666667,     3.333333,    26.555556,     7.555556)
( 0,  3,  6) -> ( 1,  3,  6) : (    1.333333,     1.000000,     7.166667,     1.833333)
( 0,  3,  6) -> ( 2,  3,  6) : (    6.500000,     5.400000,    68.700000,    18.700000)
( 0,  3,  6) -> ( 3,  3,  6) : (    8.625000,     3.375000,    40.000000,     4.250000)
( 0,  3,  6) -> ( 4,  3,  6) : (    6.285714,    25.857143,    45.142857,    22.714286)
( 0,  3,  6) -> ( 5,  3,  6) : (   10.250000,    15.500000,    27.375000,    17.750000)
( 0,  3,  6) -> ( 6,  3,  6) : (    6.500000,     5.250000,    64.250000,    15.250000)
( 0,  3,  6) -> ( 7,  3,  6) : (    6.200000,     4.800000,    52.400000,    12.400000)
( 0,  3,  6) -> ( 8,  3,  6) : (    5.285714,     5.285714,   113.571429,    36.714286)
( 0,  3,  6) -> ( 9,  3,  6) : (    5.666667,     7.666667,    85.000000,    29.666667)
( 1,  3,  6) -> ( 2,  3,  6) : (    5.857143,     3.857143,    79.714286,    18.857143)
( 1,  3,  6) -> ( 3,  3,  6) : (   10.857143,     2.857143,    59.571429,     9.571429)
( 1,  3,  6) -> ( 4,  3,  6) : (    4.666667,     3.166667,    12.333333,     3.500000)
( 1,  3,  6) -> ( 5,  3,  6) : (    4.333333,     4.333333,    53.500000,    26.833333)
( 1,  3,  6) -> ( 6,  3,  6) : (    5.142857,     6.714286,    58.000000,    10.142857)
( 1,  3,  6) -> ( 7,  3,  6) : (    6.125000,     5.125000,    41.500000,    14.250000)
( 1,  3,  6) -> ( 8,  3,  6) : (    6.250000,     8.000000,    62.375000,    10.625000)
( 1,  3,  6) -> ( 9,  3,  6) : (    6.750000,     7.500000,    66.500000,    29.250000)
( 2,  3,  6) -> ( 3,  3,  6) : (    1.000000,     9.000000,     7.000000,     4.500000)
( 2,  3,  6) -> ( 4,  3,  6) : (    3.750000,    27.500000,     6.750000,    22.000000)
( 2,  3,  6) -> ( 5,  3,  6) : (   11.200000,    14.600000,    48.400000,    23.400000)
( 2,  3,  6) -> ( 6,  3,  6) : (    4.500000,     5.500000,   100.500000,    16.750000)
( 2,  3,  6) -> ( 7,  3,  6) : (    2.000000,     3.000000,    82.333333,    13.000000)
( 2,  3,  6) -> ( 8,  3,  6) : (    1.750000,     4.250000,   107.500000,    19.750000)
( 2,  3,  6) -> ( 9,  3,  6) : (    6.000000,     7.666667,   101.000000,    32.333333)
( 3,  3,  6) -> ( 4,  3,  6) : (    4.571429,    23.428571,     5.428571,    19.571429)
( 3,  3,  6) -> ( 5,  3,  6) : (   12.142857,    15.000000,    10.428571,    24.285714)
( 3,  3,  6) -> ( 6,  3,  6) : (    3.800000,     6.400000,    74.800000,    11.200000)
( 3,  3,  6) -> ( 7,  3,  6) : (    4.833333,     2.500000,    77.000000,     9.666667)
( 3,  3,  6) -> ( 8,  3,  6) : (    4.666667,     3.833333,   102.166667,    12.833333)
( 3,  3,  6) -> ( 9,  3,  6) : (    4.600000,     6.200000,    71.600000,    29.400000)
( 4,  3,  6) -> ( 5,  3,  6) : (    4.750000,     6.000000,    27.500000,    12.000000)
( 4,  3,  6) -> ( 6,  3,  6) : (    3.400000,     3.600000,    35.200000,     6.400000)
( 4,  3,  6) -> ( 7,  3,  6) : (    3.000000,     2.600000,    13.600000,     5.200000)
( 4,  3,  6) -> ( 8,  3,  6) : (    3.000000,     5.200000,    80.400000,    11.000000)
( 4,  3,  6) -> ( 9,  3,  6) : (    4.800000,     4.000000,    25.600000,    16.600000)
( 5,  3,  6) -> ( 6,  3,  6) : (    3.200000,     5.000000,    34.200000,     5.000000)
( 5,  3,  6) -> ( 7,  3,  6) : (    2.000000,     2.400000,     8.600000,     3.800000)
( 5,  3,  6) -> ( 8,  3,  6) : (    4.714286,     6.571429,    28.857143,     8.285714)
( 5,  3,  6) -> ( 9,  3,  6) : (    4.500000,     5.666667,    27.333333,    17.000000)
( 6,  3,  6) -> ( 7,  3,  6) : (    2.500000,     4.625000,     8.500000,     4.125000)
( 6,  3,  6) -> ( 8,  3,  6) : (    3.571429,     1.857143,    21.714286,     6.428571)
( 6,  3,  6) -> ( 9,  3,  6) : (    3.875000,     4.250000,    20.750000,    14.375000)
( 7,  3,  6) -> ( 8,  3,  6) : (    1.857143,     1.857143,    24.571429,     4.000000)
( 7,  3,  6) -> ( 9,  3,  6) : (    3.333333,     3.333333,    10.500000,    10.500000)
( 8,  3,  6) -> ( 9,  3,  6) : (    1.000000,     2.375000,    37.375000,     2.000000)
( 0,  4,  6) -> ( 1,  4,  6) : (    1.500000,     2.500000,    24.833333,     3.666667)
( 0,  4,  6) -> ( 2,  4,  6) : (    5.125000,    12.625000,    27.125000,    12.750000)
( 0,  4,  6) -> ( 3,  4,  6) : (   10.000000,    12.857143,    16.142857,    15.000000)
( 0,  4,  6) -> ( 4,  4,  6) : (    9.800000,    15.400000,    16.300000,    11.300000)
( 0,  4,  6) -> ( 5,  4,  6) : (    6.166667,     3.833333,    11.000000,     5.166667)
( 0,  4,  6) -> ( 6,  4,  6) : (    6.500000,     3.500000,    42.166667,    10.833333)
( 0,  4,  6) -> ( 7,  4,  6) : (    9.714286,     7.571429,    17.285714,     6.428571)
( 0,  4,  6) -> ( 8,  4,  6) : (    5.666667,     8.333333,    76.333333,    18.000000)
( 0,  4,  6) -> ( 9,  4,  6) : (    6.666667,     4.000000,   139.333333,     7.333333)
( 1,  4,  6) -> ( 2,  4,  6) : (    4.000000,     2.285714,    23.571429,     4.428571)
( 1,  4,  6) -> ( 3,  4,  6) : (    4.444444,     3.888889,    27.444444,     9.777778)
( 1,  4,  6) -> ( 4,  4,  6) : (    4.428571,     4.428571,     9.714286,     3.571429)
( 1,  4,  6) -> ( 5,  4,  6) : (   12.000000,    17.000000,    31.111111,    13.333333)
( 1,  4,  6) -> ( 6,  4,  6) : (    5.285714,     5.285714,    38.714286,    11.714286)
( 1,  4,  6) -> ( 7,  4,  6) : (    4.000000,     9.600000,    54.600000,     8.800000)
( 1,  4,  6) -> ( 8,  4,  6) : (    6.166667,     8.333333,    62.666667,    24.666667)
( 1,  4,  6) -> ( 9,  4,  6) : (    5.400000,     7.000000,    99.600000,    34.000000)
( 2,  4,  6) -> ( 3,  4,  6) : (    5.750000,     2.625000,    25.250000,     3.625000)
( 2,  4,  6) -> ( 4,  4,  6) : (    8.714286,     6.285714,     5.857143,     3.142857)
( 2,  4,  6) -> ( 5,  4,  6) : (    5.666667,     3.166667,    12.333333,     3.500000)
( 2,  4,  6) -> ( 6,  4,  6) : (    7.142857,     3.000000,    17.000000,     7.142857)
( 2,  4,  6) -> ( 7,  4,  6) : (    4.750000,     3.500000,    15.500000,     7.500000)
( 2,  4,  6) -> ( 8,  4,  6) : (   10.000000,     5.833333,    59.333333,    25.500000)
( 2,  4,  6) -> ( 9,  4,  6) : (    9.166667,     4.500000,    89.833333,    36.333333)
( 3,  4,  6) -> ( 4,  4,  6) : (    6.428571,     4.714286,     5.285714,     1.714286)
( 3,  4,  6) -> ( 5,  4,  6) : (    1.400000,     2.200000,     8.800000,     3.200000)
( 3,  4,  6) -> ( 6,  4,  6) : (    3.333333,     2.166667,    13.333333,     7.500000)
( 3,  4,  6) -> ( 7,  4,  6) : (    8.000000,     5.000000,    14.000000,     5.400000)
( 3,  4,  6) -> ( 8,  4,  6) : (    5.333333,     7.666667,    60.500000,    12.833333)
( 3,  4,  6) -> ( 9,  4,  6) : (    5.833333,     5.500000,    87.333333,    30.166667)
( 4,  4,  6) -> ( 5,  4,  6) : (    1.833333,     2.333333,     2.833333,     2.666667)
( 4,  4,  6) -> ( 6,  4,  6) : (    2.166667,     3.166667,     5.000000,     4.500000)
( 4,  4,  6) -> ( 7,  4,  6) : (    5.142857,     5.285714,     9.285714,     4.142857)
( 4,  4,  6) -> ( 8,  4,  6) : (    4.000000,     5.250000,    13.500000,     9.500000)
( 4,  4,  6) -> ( 9,  4,  6) : (    5.250000,     4.750000,    17.750000,    11.500000)
( 5,  4,  6) -> ( 6,  4,  6) : (    1.428571,     2.285714,     2.428571,     4.142857)
( 5,  4,  6) -> ( 7,  4,  6) : (    3.750000,     4.875000,    34.000000,     3.375000)
( 5,  4,  6) -> ( 8,  4,  6) : (    5.000000,     5.200000,    13.800000,     7.200000)
( 5,  4,  6) -> ( 9,  4,  6) : (    4.800000,     5.400000,    54.800000,    27.200000)
( 6,  4,  6) -> ( 7,  4,  6) : (    4.571429,     4.142857,    32.285714,     3.714286)
( 6,  4,  6) -> ( 8,  4,  6) : (    3.000000,     5.333333,    10.500000,     5.166667)
( 6,  4,  6) -> ( 9,  4,  6) : (    4.200000,     3.400000,    17.200000,    10.400000)
( 7,  4,  6) -> ( 8,  4,  6) : (    2.333333,     3.666667,     4.000000,     5.666667)
( 7,  4,  6) -> ( 9,  4,  6) : (    3.250000,     2.750000,     8.000000,     7.500000)
( 8,  4,  6) -> ( 9,  4,  6) : (    2.000000,     4.100000,    22.700000,     6.100000)
( 0,  5,  6) -> ( 1,  5,  6) : (    6.000000,     2.142857,    28.285714,     2.857143)
( 0,  5,  6) -> ( 2,  5,  6) : (    5.714286,     3.142857,    49.428571,     7.714286)
( 0,  5,  6) -> ( 3,  5,  6) : (    6.200000,     6.200000,    41.400000,     4.600000)
( 0,  5,  6) -> ( 4,  5,  6) : (    4.166667,     5.000000,    11.666667,     4.833333)
( 0,  5,  6) -> ( 5,  5,  6) : (    2.800000,     6.000000,    47.600000,     8.200000)
( 0,  5,  6) -> ( 6,  5,  6) : (    7.428571,     8.142857,    14.000000,    18.714286)
( 0,  5,  6) -> ( 7,  5,  6) : (    8.000000,     9.166667,    20.833333,     8.666667)
( 0,  5,  6) -> ( 8,  5,  6) : (    6.333333,     7.666667,    37.333333,    19.666667)
( 0,  5,  6) -> ( 9,  5,  6) : (    3.000000,     4.000000,   163.666667,    11.000000)
( 1,  5,  6) -> ( 2,  5,  6) : (    4.500000,     6.500000,    25.333333,     9.500000)
( 1,  5,  6) -> ( 3,  5,  6) : (    3.166667,     8.166667,    33.666667,     5.666667)
( 1,  5,  6) -> ( 4,  5,  6) : (    6.166667,     3.500000,    11.833333,     3.500000)
( 1,  5,  6) -> ( 5,  5,  6) : (    6.600000,     3.600000,    12.800000,     5.800000)
( 1,  5,  6) -> ( 6,  5,  6) : (    5.000000,     7.400000,    15.000000,    24.400000)
( 1,  5,  6) -> ( 7,  5,  6) : (    6.800000,     7.600000,    21.800000,     8.600000)
( 1,  5,  6) -> ( 8,  5,  6) : (    6.333333,     6.000000,    34.333333,    16.666667)
( 1,  5,  6) -> ( 9,  5,  6) : (    3.000000,     4.666667,   163.666667,     8.666667)
( 2,  5,  6) -> ( 3,  5,  6) : (    1.600000,     2.200000,     3.400000,     1.600000)
( 2,  5,  6) -> ( 4,  5,  6) : (    2.400000,     2.600000,     7.000000,     3.000000)
( 2,  5,  6) -> ( 5,  5,  6) : (    6.800000,     3.400000,     8.800000,     4.600000)
( 2,  5,  6) -> ( 6,  5,  6) : (    4.200000,     6.200000,    13.600000,    24.000000)
( 2,  5,  6) -> ( 7,  5,  6) : (    5.800000,     6.800000,    18.600000,     7.400000)
( 2,  5,  6) -> ( 8,  5,  6) : (    5.666667,     5.333333,    30.333333,    14.333333)
( 2,  5,  6) -> ( 9,  5,  6) : (    2.333333,     4.333333,   162.333333,     8.333333)
( 3,  5,  6) -> ( 4,  5,  6) : (    1.777778,     2.333333,    25.666667,     5.000000)
( 3,  5,  6) -> ( 5,  5,  6) : (    4.444444,     3.777778,     7.444444,     4.222222)
( 3,  5,  6) -> ( 6,  5,  6) : (    2.714286,     4.285714,    10.142857,     5.571429)
( 3,  5,  6) -> ( 7,  5,  6) : (    4.222222,     5.111111,    15.444444,     6.333333)
( 3,  5,  6) -> ( 8,  5,  6) : (    6.125000,     5.125000,    47.000000,    11.125000)
( 3,  5,  6) -> ( 9,  5,  6) : (    4.500000,     6.500000,    20.750000,    10.375000)
( 4,  5,  6) -> ( 5,  5,  6) : (    3.714286,     2.142857,     6.142857,     1.285714)
( 4,  5,  6) -> ( 6,  5,  6) : (    2.500000,     2.500000,     5.833333,     2.500000)
( 4,  5,  6) -> ( 7,  5,  6) : (    3.857143,     3.571429,     8.857143,     3.714286)
( 4,  5,  6) -> ( 8,  5,  6) : (    5.166667,     3.666667,    14.000000,     5.833333)
( 4,  5,  6) -> ( 9,  5,  6) : (    4.500000,     5.333333,    17.166667,     8.166667)
( 5,  5,  6) -> ( 6,  5,  6) : (    4.250000,     1.500000,    11.625000,     2.000000)
( 5,  5,  6) -> ( 7,  5,  6) : (    3.666667,     3.222222,    13.777778,     2.666667)
( 5,  5,  6) -> ( 8,  5,  6) : (    3.800000,     2.200000,    22.200000,     4.600000)
( 5,  5,  6) -> ( 9,  5,  6) : (    4.142857,     4.142857,    13.857143,     8.142857)
( 6,  5,  6) -> ( 7,  5,  6) : (    1.625000,     1.500000,     3.750000,     1.000000)
( 6,  5,  6) -> ( 8,  5,  6) : (    3.800000,     2.400000,    47.400000,     7.800000)
( 6,  5,  6) -> ( 9,  5,  6) : (    3.200000,     2.400000,    11.400000,     7.600000)
( 7,  5,  6) -> ( 8,  5,  6) : (    3.875000,     1.500000,    32.625000,     4.625000)
( 7,  5,  6) -> ( 9,  5,  6) : (    4.250000,     2.375000,     8.125000,     4.375000)
( 8,  5,  6) -> ( 9,  5,  6) : (    5.714286,     2.000000,    61.571429,    17.142857)
( 0,  6,  6) -> ( 1,  6,  6) : (    5.444444,    11.444444,     4.333333,     8.888889)
( 0,  6,  6) -> ( 2,  6,  6) : (    8.375000,    10.500000,    23.375000,     9.250000)
( 0,  6,  6) -> ( 3,  6,  6) : (    4.857143,     4.285714,    35.714286,     4.285714)
( 0,  6,  6) -> ( 4,  6,  6) : (    7.428571,     6.428571,    33.714286,     5.571429)
( 0,  6,  6) -> ( 5,  6,  6) : (    5.800000,     6.600000,    14.800000,     7.200000)
( 0,  6,  6) -> ( 6,  6,  6) : (    4.000000,     4.400000,    56.800000,    12.200000)
( 0,  6,  6) -> ( 7,  6,  6) : (    6.000000,     5.500000,    67.500000,    13.500000)
( 0,  6,  6) -> ( 8,  6,  6) : (    8.000000,     8.000000,   102.500000,     7.500000)
( 0,  6,  6) -> ( 9,  6,  6) : (    6.000000,     5.333333,    77.000000,    11.666667)
( 1,  6,  6) -> ( 2,  6,  6) : (    4.875000,     6.750000,    23.125000,     4.500000)
( 1,  6,  6) -> ( 3,  6,  6) : (    6.428571,     3.285714,    36.000000,     3.428571)
( 1,  6,  6) -> ( 4,  6,  6) : (    5.857143,     5.428571,    34.000000,     4.714286)
( 1,  6,  6) -> ( 5,  6,  6) : (    4.666667,     4.833333,     9.666667,     5.666667)
( 1,  6,  6) -> ( 6,  6,  6) : (    4.500000,     3.750000,    61.250000,    10.750000)
( 1,  6,  6) -> ( 7,  6,  6) : (    5.500000,     5.000000,    65.000000,    12.500000)
( 1,  6,  6) -> ( 8,  6,  6) : (    8.600000,     6.400000,    94.400000,    11.600000)
( 1,  6,  6) -> ( 9,  6,  6) : (    5.333333,     5.000000,    39.333333,    22.666667)
( 2,  6,  6) -> ( 3,  6,  6) : (    6.000000,     1.166667,     9.666667,     1.833333)
( 2,  6,  6) -> ( 4,  6,  6) : (    3.166667,     2.500000,     7.166667,     3.333333)
( 2,  6,  6) -> ( 5,  6,  6) : (    3.250000,     2.750000,    12.750000,     5.500000)
( 2,  6,  6) -> ( 6,  6,  6) : (    4.750000,     3.000000,    60.000000,    10.000000)
( 2,  6,  6) -> ( 7,  6,  6) : (    3.333333,     3.333333,    81.333333,    15.666667)
( 2,  6,  6) -> ( 8,  6,  6) : (    6.500000,     6.250000,   115.500000,    13.000000)
( 2,  6,  6) -> ( 9,  6,  6) : (    6.000000,     6.666667,    91.000000,    13.666667)
( 3,  6,  6) -> ( 4,  6,  6) : (    4.000000,     1.600000,     4.800000,     1.800000)
( 3,  6,  6) -> ( 5,  6,  6) : (    1.750000,     2.750000,     7.750000,     3.750000)
( 3,  6,  6) -> ( 6,  6,  6) : (    3.250000,     3.500000,    13.750000,     6.000000)
( 3,  6,  6) -> ( 7,  6,  6) : (    2.333333,     3.333333,    20.333333,    11.333333)
( 3,  6,  6) -> ( 8,  6,  6) : (    6.000000,     4.000000,    86.250000,     8.000000)
( 3,  6,  6) -> ( 9,  6,  6) : (    6.000000,     5.666667,    87.000000,    12.666667)
( 4,  6,  6) -> ( 5,  6,  6) : (    1.000000,     1.500000,     6.500000,     1.500000)
( 4,  6,  6) -> ( 6,  6,  6) : (    3.500000,     1.750000,    53.750000,     7.000000)
( 4,  6,  6) -> ( 7,  6,  6) : (    3.000000,     4.666667,    19.333333,     9.000000)
( 4,  6,  6) -> ( 8,  6,  6) : (    6.250000,     3.750000,   128.000000,    10.250000)
( 4,  6,  6) -> ( 9,  6,  6) : (    5.000000,     5.000000,    43.000000,    13.500000)
( 5,  6,  6) -> ( 6,  6,  6) : (    3.500000,     1.833333,    35.333333,    14.833333)
( 5,  6,  6) -> ( 7,  6,  6) : (    2.400000,     2.600000,    11.400000,     6.200000)
( 5,  6,  6) -> ( 8,  6,  6) : (    3.666667,     2.333333,    15.000000,     7.500000)
( 5,  6,  6) -> ( 9,  6,  6) : (    2.666667,     3.333333,    14.333333,    22.833333)
( 6,  6,  6) -> ( 7,  6,  6) : (    1.000000,     1.833333,     5.666667,     2.833333)
( 6,  6,  6) -> ( 8,  6,  6) : (    3.857143,     3.000000,    19.285714,    15.714286)
( 6,  6,  6) -> ( 9,  6,  6) : (    2.400000,     3.600000,    12.000000,    10.600000)
( 7,  6,  6) -> ( 8,  6,  6) : (    3.333333,     3.000000,    15.666667,    15.666667)
( 7,  6,  6) -> ( 9,  6,  6) : (    2.000000,     1.000000,     8.750000,     9.000000)
( 8,  6,  6) -> ( 9,  6,  6) : (    3.875000,     3.500000,     5.125000,    13.125000)
( 0,  7,  6) -> ( 1,  7,  6) : (    1.571429,     1.285714,     9.428571,     1.000000)
( 0,  7,  6) -> ( 2,  7,  6) : (    3.500000,     5.000000,    36.500000,    12.333333)
( 0,  7,  6) -> ( 3,  7,  6) : (    3.428571,     3.285714,    12.571429,     3.571429)
( 0,  7,  6) -> ( 4,  7,  6) : (    6.000000,     3.800000,    25.200000,     4.000000)
( 0,  7,  6) -> ( 5,  7,  6) : (    5.800000,     5.800000,    27.600000,     5.800000)
( 0,  7,  6) -> ( 6,  7,  6) : (    8.666667,     5.666667,    49.333333,     9.333333)
( 0,  7,  6) -> ( 7,  7,  6) : (   11.200000,     9.800000,    37.800000,     7.600000)
( 0,  7,  6) -> ( 8,  7,  6) : (   12.250000,    11.750000,    53.750000,     9.750000)
( 0,  7,  6) -> ( 9,  7,  6) : (   11.400000,    10.400000,    55.600000,     5.400000)
( 1,  7,  6) -> ( 2,  7,  6) : (    5.666667,     2.333333,    14.166667,     1.333333)
( 1,  7,  6) -> ( 3,  7,  6) : (    3.857143,     2.285714,     4.857143,     2.571429)
( 1,  7,  6) -> ( 4,  7,  6) : (    7.000000,     5.142857,    36.857143,     3.857143)
( 1,  7,  6) -> ( 5,  7,  6) : (    3.800000,     4.200000,    15.000000,     6.200000)
( 1,  7,  6) -> ( 6,  7,  6) : (    4.500000,     4.750000,    29.000000,     9.250000)
( 1,  7,  6) -> ( 7,  7,  6) : (    9.142857,     8.142857,    21.571429,     7.571429)
( 1,  7,  6) -> ( 8,  7,  6) : (   12.000000,     7.250000,    46.500000,     9.250000)
( 1,  7,  6) -> ( 9,  7,  6) : (    9.600000,     7.200000,    65.600000,     9.800000)
( 2,  7,  6) -> ( 3,  7,  6) : (    2.750000,     0.875000,    12.250000,     1.250000)
( 2,  7,  6) -> ( 4,  7,  6) : (    4.250000,     2.500000,     7.875000,     2.625000)
( 2,  7,  6) -> ( 5,  7,  6) : (    4.285714,     3.000000,     8.714286,     3.857143)
( 2,  7,  6) -> ( 6,  7,  6) : (    6.142857,     3.857143,    17.142857,     6.142857)
( 2,  7,  6) -> ( 7,  7,  6) : (    7.500000,     6.875000,    19.375000,     5.625000)
( 2,  7,  6) -> ( 8,  7,  6) : (    8.125000,     7.250000,    27.500000,     7.125000)
( 2,  7,  6) -> ( 9,  7,  6) : (    9.857143,     7.000000,    51.000000,    10.285714)
( 3,  7,  6) -> ( 4,  7,  6) : (    2.000000,     2.571429,    11.428571,     2.571429)
( 3,  7,  6) -> ( 5,  7,  6) : (    3.142857,     3.714286,     9.428571,     2.428571)
( 3,  7,  6) -> ( 6,  7,  6) : (    5.000000,     4.000000,    29.000000,     5.333333)
( 3,  7,  6) -> ( 7,  7,  6) : (    6.142857,     5.857143,    18.428571,     5.285714)
( 3,  7,  6) -> ( 8,  7,  6) : (    8.800000,     7.000000,    34.800000,     6.600000)
( 3,  7,  6) -> ( 9,  7,  6) : (    8.500000,     7.500000,    53.000000,     8.333333)
( 4,  7,  6) -> ( 5,  7,  6) : (    1.000000,     3.500000,     4.000000,     4.000000)
( 4,  7,  6) -> ( 6,  7,  6) : (    2.666667,     4.666667,     9.500000,     5.166667)
( 4,  7,  6) -> ( 7,  7,  6) : (    4.142857,     5.857143,    10.142857,     6.142857)
( 4,  7,  6) -> ( 8,  7,  6) : (    5.428571,     7.000000,    20.000000,     7.571429)
( 4,  7,  6) -> ( 9,  7,  6) : (    7.500000,     9.000000,    45.166667,     7.166667)
( 5,  7,  6) -> ( 6,  7,  6) : (    1.888889,     1.000000,    10.666667,     3.444444)
( 5,  7,  6) -> ( 7,  7,  6) : (    4.777778,     2.222222,    11.111111,     3.111111)
( 5,  7,  6) -> ( 8,  7,  6) : (    5.125000,     3.125000,    22.250000,     4.625000)
( 5,  7,  6) -> ( 9,  7,  6) : (    5.750000,     5.000000,    40.500000,    10.250000)
( 6,  7,  6) -> ( 7,  7,  6) : (    4.555556,     1.555556,    10.555556,     1.666667)
( 6,  7,  6) -> ( 8,  7,  6) : (    4.333333,     2.444444,    14.111111,     2.777778)
( 6,  7,  6) -> ( 9,  7,  6) : (    4.375000,     3.000000,    10.125000,     8.125000)
( 7,  7,  6) -> ( 8,  7,  6) : (    1.750000,     1.875000,    13.500000,     2.500000)
( 7,  7,  6) -> ( 9,  7,  6) : (    3.142857,     2.571429,     7.428571,     6.714286)
( 8,  7,  6) -> ( 9,  7,  6) : (    2.285714,     2.000000,     7.428571,     4.428571)
( 0,  8,  6) -> ( 1,  8,  6) : (    3.750000,     1.375000,     6.875000,     0.875000)
( 0,  8,  6) -> ( 2,  8,  6) : (    3.000000,     2.625000,     5.000000,     2.250000)
( 0,  8,  6) -> ( 3,  8,  6) : (    3.500000,     4.750000,    31.625000,    15.500000)
( 0,  8,  6) -> ( 4,  8,  6) : (    4.833333,     3.833333,    12.166667,     5.333333)
( 0,  8,  6) -> ( 5,  8,  6) : (    7.625000,     7.250000,    18.250000,     5.125000)
( 0,  8,  6) -> ( 6,  8,  6) : (    6.250000,     8.375000,    26.500000,     6.250000)
( 0,  8,  6) -> ( 7,  8,  6) : (    7.285714,    11.285714,    23.714286,     5.857143)
( 0,  8,  6) -> ( 8,  8,  6) : (    9.000000,    14.500000,    31.333333,     4.166667)
( 0,  8,  6) -> ( 9,  8,  6) : (    3.600000,     9.600000,    97.000000,    31.200000)
( 1,  8,  6) -> ( 2,  8,  6) : (    3.571429,     1.571429,     3.142857,     1.571429)
( 1,  8,  6) -> ( 3,  8,  6) : (    2.428571,     3.714286,    27.142857,    17.285714)
( 1,  8,  6) -> ( 4,  8,  6) : (    4.166667,     3.166667,     8.000000,     4.833333)
( 1,  8,  6) -> ( 5,  8,  6) : (    6.285714,     5.428571,    15.142857,     5.428571)
( 1,  8,  6) -> ( 6,  8,  6) : (    6.857143,     6.714286,    19.428571,     6.571429)
( 1,  8,  6) -> ( 7,  8,  6) : (    8.714286,     8.285714,    25.000000,     8.428571)
( 1,  8,  6) -> ( 8,  8,  6) : (   10.833333,    11.000000,    35.500000,     8.000000)
( 1,  8,  6) -> ( 9,  8,  6) : (    3.000000,    10.000000,    94.200000,    30.600000)
( 2,  8,  6) -> ( 3,  8,  6) : (    2.714286,     3.000000,    28.285714,    16.428571)
( 2,  8,  6) -> ( 4,  8,  6) : (    3.166667,     2.166667,     6.833333,     3.666667)
( 2,  8,  6) -> ( 5,  8,  6) : (    6.000000,     6.375000,    32.500000,     5.500000)
( 2,  8,  6) -> ( 6,  8,  6) : (    5.625000,     6.500000,    19.875000,     5.750000)
( 2,  8,  6) -> ( 7,  8,  6) : (    6.875000,     8.375000,    25.125000,     7.375000)
( 2,  8,  6) -> ( 8,  8,  6) : (    8.142857,    11.285714,    34.571429,     7.428571)
( 2,  8,  6) -> ( 9,  8,  6) : (    3.500000,     9.750000,   114.500000,    33.750000)
( 3,  8,  6) -> ( 4,  8,  6) : (    2.666667,     1.833333,     3.333333,     1.666667)
( 3,  8,  6) -> ( 5,  8,  6) : (    4.333333,     3.333333,     9.666667,     3.666667)
( 3,  8,  6) -> ( 6,  8,  6) : (    4.666667,     4.666667,    13.666667,     4.833333)
( 3,  8,  6) -> ( 7,  8,  6) : (    6.500000,     6.333333,    19.166667,     6.833333)
( 3,  8,  6) -> ( 8,  8,  6) : (    8.600000,     8.800000,    29.200000,     7.200000)
( 3,  8,  6) -> ( 9,  8,  6) : (    3.800000,     9.400000,    52.200000,    10.000000)
( 4,  8,  6) -> ( 5,  8,  6) : (    1.333333,     1.222222,     7.333333,     1.888889)
( 4,  8,  6) -> ( 6,  8,  6) : (    3.111111,     2.666667,    12.444444,     3.222222)
( 4,  8,  6) -> ( 7,  8,  6) : (    4.222222,     4.222222,    17.777778,     5.000000)
( 4,  8,  6) -> ( 8,  8,  6) : (    5.375000,     6.875000,    26.375000,     6.125000)
( 4,  8,  6) -> ( 9,  8,  6) : (    3.750000,     5.875000,    45.000000,    14.125000)
( 5,  8,  6) -> ( 6,  8,  6) : (    3.333333,     1.444444,     6.888889,     1.333333)
( 5,  8,  6) -> ( 7,  8,  6) : (    3.777778,     3.222222,    11.777778,     3.111111)
( 5,  8,  6) -> ( 8,  8,  6) : (    4.000000,     6.285714,    21.714286,     4.428571)
( 5,  8,  6) -> ( 9,  8,  6) : (    3.800000,     7.200000,    51.000000,     9.200000)
( 6,  8,  6) -> ( 7,  8,  6) : (    2.000000,     2.444444,     5.333333,     1.777778)
( 6,  8,  6) -> ( 8,  8,  6) : (    3.375000,     4.750000,    13.125000,     3.250000)
( 6,  8,  6) -> ( 9,  8,  6) : (    4.500000,     4.500000,    15.000000,     8.250000)
( 7,  8,  6) -> ( 8,  8,  6) : (    1.428571,     2.000000,     7.857143,     1.857143)
( 7,  8,  6) -> ( 9,  8,  6) : (    3.750000,     3.250000,     8.500000,     6.500000)
( 8,  8,  6) -> ( 9,  8,  6) : (    5.600000,     1.800000,     6.800000,     4.800000)
( 0,  9,  6) -> ( 1,  9,  6) : (    5.000000,     2.428571,     7.000000,     1.714286)
( 0,  9,  6) -> ( 2,  9,  6) : (    4.000000,     4.500000,    33.000000,     2.833333)
( 0,  9,  6) -> ( 3,  9,  6) : (    2.400000,     4.200000,    14.800000,     4.000000)
( 0,  9,  6) -> ( 4,  9,  6) : (    3.333333,     5.333333,    64.333333,    27.333333)
( 0,  9,  6) -> ( 5,  9,  6) : (    5.333333,     8.666667,    32.333333,    39.333333)
( 0,  9,  6) -> ( 6,  9,  6) : (    6.666667,     8.666667,    47.000000,    10.333333)
( 0,  9,  6) -> ( 7,  9,  6) : (    8.333333,    10.666667,    51.000000,    11.666667)
( 0,  9,  6) -> ( 8,  9,  6) : (   11.000000,    16.000000,    34.000000,     7.500000)
( 0,  9,  6) -> ( 9,  9,  6) : (    3.000000,     9.000000,   110.666667,    32.666667)
( 1,  9,  6) -> ( 2,  9,  6) : (    3.571429,     2.857143,    23.000000,     1.428571)
( 1,  9,  6) -> ( 3,  9,  6) : (    4.166667,     2.833333,    12.666667,     2.166667)
( 1,  9,  6) -> ( 4,  9,  6) : (    2.250000,     4.500000,    19.000000,     4.500000)
( 1,  9,  6) -> ( 5,  9,  6) : (    2.833333,     8.500000,    20.833333,    21.666667)
( 1,  9,  6) -> ( 6,  9,  6) : (    8.000000,     7.200000,    32.200000,    22.200000)
( 1,  9,  6) -> ( 7,  9,  6) : (    5.666667,    10.500000,    32.166667,    20.166667)
( 1,  9,  6) -> ( 8,  9,  6) : (    6.000000,    17.250000,    66.000000,     6.750000)
( 1,  9,  6) -> ( 9,  9,  6) : (    4.000000,     9.000000,   106.333333,    31.333333)
( 2,  9,  6) -> ( 3,  9,  6) : (    3.125000,     1.750000,     6.625000,     1.125000)
( 2,  9,  6) -> ( 4,  9,  6) : (    2.666667,     3.500000,     9.666667,     2.333333)
( 2,  9,  6) -> ( 5,  9,  6) : (    3.500000,     6.833333,    16.500000,     4.500000)
( 2,  9,  6) -> ( 6,  9,  6) : (    5.600000,     8.400000,    30.000000,     5.600000)
( 2,  9,  6) -> ( 7,  9,  6) : (    6.500000,     9.250000,    25.625000,     7.000000)
( 2,  9,  6) -> ( 8,  9,  6) : (    7.000000,    14.750000,    30.000000,     4.500000)
( 2,  9,  6) -> ( 9,  9,  6) : (    8.500000,    11.250000,    53.000000,     3.500000)
( 3,  9,  6) -> ( 4,  9,  6) : (    2.500000,     2.625000,    30.250000,     3.250000)
( 3,  9,  6) -> ( 5,  9,  6) : (    2.833333,     3.666667,    11.500000,     4.333333)
( 3,  9,  6) -> ( 6,  9,  6) : (    4.200000,     4.600000,    26.800000,     5.600000)
( 3,  9,  6) -> ( 7,  9,  6) : (    6.000000,     6.000000,    22.857143,     6.142857)
( 3,  9,  6) -> ( 8,  9,  6) : (    7.750000,     9.750000,    26.000000,     6.750000)
( 3,  9,  6) -> ( 9,  9,  6) : (    7.000000,    10.800000,    42.000000,     3.800000)
( 4,  9,  6) -> ( 5,  9,  6) : (    2.666667,     1.833333,     6.833333,     2.333333)
( 4,  9,  6) -> ( 6,  9,  6) : (    4.142857,     2.857143,    16.714286,     3.857143)
( 4,  9,  6) -> ( 7,  9,  6) : (    5.500000,     4.625000,    16.375000,     5.500000)
( 4,  9,  6) -> ( 8,  9,  6) : (    7.200000,     7.600000,    20.200000,     3.400000)
( 4,  9,  6) -> ( 9,  9,  6) : (    6.750000,     6.000000,    21.250000,     7.750000)
( 5,  9,  6) -> ( 6,  9,  6) : (    1.875000,     1.250000,    12.375000,     1.875000)
( 5,  9,  6) -> ( 7,  9,  6) : (    2.857143,     3.714286,    11.000000,     4.285714)
( 5,  9,  6) -> ( 8,  9,  6) : (    5.833333,     5.000000,    14.000000,     3.833333)
( 5,  9,  6) -> ( 9,  9,  6) : (    8.750000,     6.000000,    12.500000,     4.250000)
( 6,  9,  6) -> ( 7,  9,  6) : (    1.500000,     1.875000,     6.250000,     2.625000)
( 6,  9,  6) -> ( 8,  9,  6) : (    4.285714,     3.142857,     5.000000,     3.285714)
( 6,  9,  6) -> ( 9,  9,  6) : (    4.000000,     3.833333,     4.166667,     5.000000)
( 7,  9,  6) -> ( 8,  9,  6) : (    2.625000,     5.375000,     7.000000,     4.750000)
( 7,  9,  6) -> ( 9,  9,  6) : (    2.400000,     3.400000,     8.800000,     3.000000)
( 8,  9,  6) -> ( 9,  9,  6) : (    1.833333,     1.500000,     1.500000,     1.500000)
( 0, 10,  6) -> ( 1, 10,  6) : (    3.800000,     1.000000,     4.600000,     2.000000)
( 0, 10,  6) -> ( 2, 10,  6) : (    1.600000,     2.400000,     7.200000,     3.400000)
( 0, 10,  6) -> ( 3, 10,  6) : (    3.200000,     4.200000,    12.400000,     4.600000)
( 0, 10,  6) -> ( 4, 10,  6) : (    3.800000,     4.600000,    15.000000,     6.600000)
( 0, 10,  6) -> ( 5, 10,  6) : (    2.750000,     3.500000,    18.000000,    35.000000)
( 0, 10,  6) -> ( 6, 10,  6) : (    7.250000,     8.250000,    31.000000,     7.250000)
( 0, 10,  6) -> ( 7, 10,  6) : (    8.500000,    10.750000,    34.750000,    10.250000)
( 0, 10,  6) -> ( 8, 10,  6) : (    8.000000,     9.000000,    19.500000,     5.000000)
( 0, 10,  6) -> ( 9, 10,  6) : (    3.666667,     5.333333,   131.333333,    35.666667)
( 1, 10,  6) -> ( 2, 10,  6) : (    3.000000,     2.714286,     6.000000,     1.571429)
( 1, 10,  6) -> ( 3, 10,  6) : (    3.142857,     4.142857,    10.428571,     2.000000)
( 1, 10,  6) -> ( 4, 10,  6) : (    3.571429,     5.142857,    13.428571,     3.571429)
( 1, 10,  6) -> ( 5, 10,  6) : (    4.600000,     4.800000,    13.200000,     6.400000)
( 1, 10,  6) -> ( 6, 10,  6) : (    5.200000,     9.800000,    30.200000,     5.000000)
( 1, 10,  6) -> ( 7, 10,  6) : (    6.200000,    12.600000,    33.800000,     8.000000)
( 1, 10,  6) -> ( 8, 10,  6) : (    6.333333,     8.666667,    60.333333,     3.333333)
( 1, 10,  6) -> ( 9, 10,  6) : (    6.333333,     6.333333,    75.333333,     6.000000)
( 2, 10,  6) -> ( 3, 10,  6) : (    2.500000,     1.500000,     4.833333,     1.166667)
( 2, 10,  6) -> ( 4, 10,  6) : (    3.333333,     2.000000,     6.833333,     3.333333)
( 2, 10,  6) -> ( 5, 10,  6) : (    4.400000,     3.000000,    10.000000,     4.600000)
( 2, 10,  6) -> ( 6, 10,  6) : (    6.400000,     6.200000,    79.000000,     5.600000)
( 2, 10,  6) -> ( 7, 10,  6) : (    7.200000,     8.000000,    82.600000,     6.600000)
( 2, 10,  6) -> ( 8, 10,  6) : (    7.000000,     7.000000,    15.500000,     4.000000)
( 2, 10,  6) -> ( 9, 10,  6) : (    6.500000,     8.000000,    14.500000,     4.500000)
( 3, 10,  6) -> ( 4, 10,  6) : (    1.166667,     1.000000,     3.666667,     2.333333)
( 3, 10,  6) -> ( 5, 10,  6) : (    3.000000,     2.200000,     6.200000,     3.600000)
( 3, 10,  6) -> ( 6, 10,  6) : (    3.500000,     5.833333,    62.500000,     4.500000)
( 3, 10,  6) -> ( 7, 10,  6) : (    7.800000,     7.200000,    17.600000,     6.400000)
( 3, 10,  6) -> ( 8, 10,  6) : (    5.000000,     7.666667,    11.000000,     4.000000)
( 3, 10,  6) -> ( 9, 10,  6) : (    5.500000,     7.000000,    12.000000,     4.500000)
( 4, 10,  6) -> ( 5, 10,  6) : (    2.142857,     2.000000,     3.857143,     2.142857)
( 4, 10,  6) -> ( 6, 10,  6) : (    3.285714,     3.428571,    10.000000,     2.857143)
( 4, 10,  6) -> ( 7, 10,  6) : (    6.857143,     6.428571,    42.142857,     8.000000)
( 4, 10,  6) -> ( 8, 10,  6) : (    3.750000,     6.250000,    14.500000,     5.250000)
( 4, 10,  6) -> ( 9, 10,  6) : (    5.000000,     8.000000,    84.400000,    20.400000)
( 5, 10,  6) -> ( 6, 10,  6) : (    5.500000,     1.500000,     8.500000,     1.500000)
( 5, 10,  6) -> ( 7, 10,  6) : (    5.375000,     4.375000,    12.625000,     4.500000)
( 5, 10,  6) -> ( 8, 10,  6) : (    3.000000,     4.250000,    11.500000,     5.500000)
( 5, 10,  6) -> ( 9, 10,  6) : (    5.600000,     7.000000,    21.400000,     7.000000)
( 6, 10,  6) -> ( 7, 10,  6) : (    6.166667,     2.833333,    36.833333,     6.333333)
( 6, 10,  6) -> ( 8, 10,  6) : (    2.500000,     3.250000,     8.000000,     4.000000)
( 6, 10,  6) -> ( 9, 10,  6) : (    3.750000,     5.250000,     8.500000,     6.250000)
( 7, 10,  6) -> ( 8, 10,  6) : (    6.166667,     2.833333,     7.666667,     1.833333)
( 7, 10,  6) -> ( 9, 10,  6) : (    4.142857,     3.714286,    17.428571,     7.857143)
( 8, 10,  6) -> ( 9, 10,  6) : (    3.875000,     4.750000,    30.375000,     9.875000)
( 0, 11,  6) -> ( 1, 11,  6) : (    3.857143,     6.714286,    66.285714,    26.428571)
( 0, 11,  6) -> ( 2, 11,  6) : (    3.500000,     4.250000,    11.000000,     4.500000)
( 0, 11,  6) -> ( 3, 11,  6) : (    3.714286,     5.428571,    53.000000,     6.000000)
( 0, 11,  6) -> ( 4, 11,  6) : (    4.142857,     6.857143,    15.571429,     9.571429)
( 0, 11,  6) -> ( 5, 11,  6) : (    5.250000,     8.250000,    17.375000,     8.500000)
( 0, 11,  6) -> ( 6, 11,  6) : (    6.200000,    11.000000,    20.200000,     5.200000)
( 0, 11,  6) -> ( 7, 11,  6) : (    9.600000,    17.000000,    25.800000,     4.200000)
( 0, 11,  6) -> ( 8, 11,  6) : (    8.166667,    17.000000,    44.333333,     5.666667)
( 0, 11,  6) -> ( 9, 11,  6) : (    9.250000,    11.750000,    40.750000,     4.250000)
( 1, 11,  6) -> ( 2, 11,  6) : (    2.625000,     0.875000,     7.375000,     2.500000)
( 1, 11,  6) -> ( 3, 11,  6) : (    2.125000,     2.500000,     9.625000,     4.375000)
( 1, 11,  6) -> ( 4, 11,  6) : (    2.625000,     4.125000,    17.125000,     7.000000)
( 1, 11,  6) -> ( 5, 11,  6) : (    2.875000,     4.375000,    17.250000,     7.000000)
( 1, 11,  6) -> ( 6, 11,  6) : (    5.400000,     7.600000,    18.400000,     4.600000)
( 1, 11,  6) -> ( 7, 11,  6) : (    9.200000,    12.600000,    22.800000,     4.200000)
( 1, 11,  6) -> ( 8, 11,  6) : (    9.200000,    12.800000,    26.600000,     6.600000)
( 1, 11,  6) -> ( 9, 11,  6) : (   10.142857,    15.000000,    44.000000,     8.000000)
( 2, 11,  6) -> ( 3, 11,  6) : (    2.000000,     2.000000,     4.285714,     2.000000)
( 2, 11,  6) -> ( 4, 11,  6) : (    3.714286,     3.285714,    10.571429,     4.571429)
( 2, 11,  6) -> ( 5, 11,  6) : (    4.428571,     3.285714,     9.571429,     4.714286)
( 2, 11,  6) -> ( 6, 11,  6) : (    8.400000,     7.000000,    15.400000,     2.600000)
( 2, 11,  6) -> ( 7, 11,  6) : (   10.750000,     9.500000,    16.750000,     2.500000)
( 2, 11,  6) -> ( 8, 11,  6) : (   10.500000,    10.000000,    21.500000,     5.000000)
( 2, 11,  6) -> ( 9, 11,  6) : (   11.750000,     8.250000,    18.000000,     5.750000)
( 3, 11,  6) -> ( 4, 11,  6) : (    2.125000,     1.375000,    10.500000,     2.750000)
( 3, 11,  6) -> ( 5, 11,  6) : (    2.875000,     1.875000,     8.375000,     3.000000)
( 3, 11,  6) -> ( 6, 11,  6) : (    5.166667,     4.333333,    15.500000,     2.333333)
( 3, 11,  6) -> ( 7, 11,  6) : (    6.833333,     5.333333,    15.833333,     4.000000)
( 3, 11,  6) -> ( 8, 11,  6) : (    8.000000,     7.400000,    23.600000,     6.200000)
( 3, 11,  6) -> ( 9, 11,  6) : (    9.714286,     8.142857,    31.714286,    11.142857)
( 4, 11,  6) -> ( 5, 11,  6) : (    2.142857,     0.571429,     3.000000,     1.714286)
( 4, 11,  6) -> ( 6, 11,  6) : (    3.166667,     2.833333,     7.666667,     1.833333)
( 4, 11,  6) -> ( 7, 11,  6) : (    4.400000,     4.600000,     8.600000,     3.200000)
( 4, 11,  6) -> ( 8, 11,  6) : (    6.000000,     6.000000,    16.400000,     4.400000)
( 4, 11,  6) -> ( 9, 11,  6) : (    7.400000,     7.800000,    17.000000,     6.200000)
( 5, 11,  6) -> ( 6, 11,  6) : (    2.333333,     1.666667,    19.500000,     3.000000)
( 5, 11,  6) -> ( 7, 11,  6) : (    4.857143,     4.428571,     7.714286,     1.714286)
( 5, 11,  6) -> ( 8, 11,  6) : (    7.375000,     4.375000,    12.500000,     4.750000)
( 5, 11,  6) -> ( 9, 11,  6) : (    6.571429,     7.000000,    25.714286,     8.857143)
( 6, 11,  6) -> ( 7, 11,  6) : (    2.285714,     2.714286,     3.714286,     1.000000)
( 6, 11,  6) -> ( 8, 11,  6) : (    5.333333,     3.500000,    18.833333,     6.500000)
( 6, 11,  6) -> ( 9, 11,  6) : (    6.166667,     4.833333,    19.666667,     9.000000)
( 7, 11,  6) -> ( 8, 11,  6) : (    2.400000,     0.800000,     6.600000,     1.800000)
( 7, 11,  6) -> ( 9, 11,  6) : (    4.500000,     2.833333,    18.833333,     7.833333)
( 8, 11,  6) -> ( 9, 11,  6) : (    2.727273,     3.181818,    15.363636,     3.090909)
