( 0,  0,  6) -> ( 1,  0,  6) : (    2.700000,     2.300000,     5.300000,     5.700000)
( 0,  0,  6) -> ( 2,  0,  6) : (    2.285714,     2.000000,    18.142857,     7.857143)
( 0,  0,  6) -> ( 3,  0,  6) : (    4.500000,     3.333333,    18.166667,     8.500000)
( 0,  0,  6) -> ( 4,  0,  6) : (    4.125000,     3.125000,    35.500000,    11.625000)
( 0,  0,  6) -> ( 5,  0,  6) : (    5.285714,     5.142857,    27.285714,     7.714286)
( 0,  0,  6) -> ( 6,  0,  6) : (    6.857143,     5.857143,    19.571429,     4.142857)
( 0,  0,  6) -> ( 7,  0,  6) : (    6.857143,     7.285714,    38.142857,     9.571429)
( 0,  0,  6) -> ( 8,  0,  6) : (    8.125000,    11.875000,    43.000000,    18.750000)
( 0,  0,  6) -> ( 9,  0,  6) : (   10.500000,    11.375000,    54.250000,    16.875000)
( 1,  0,  6) -> ( 2,  0,  6) : (    4.166667,     2.333333,    19.000000,     6.833333)
( 1,  0,  6) -> ( 3,  0,  6) : (    4.500000,     1.333333,     6.666667,     1.666667)
( 1,  0,  6) -> ( 4,  0,  6) : (    4.285714,     2.428571,    23.571429,     8.428571)
( 1,  0,  6) -> ( 5,  0,  6) : (    7.375000,     4.875000,    26.500000,    10.000000)
( 1,  0,  6) -> ( 6,  0,  6) : (    5.285714,     5.571429,    44.285714,     5.142857)
( 1,  0,  6) -> ( 7,  0,  6) : (    8.833333,     4.833333,    67.000000,    10.833333)
( 1,  0,  6) -> ( 8,  0,  6) : (    7.285714,    11.285714,    65.571429,    15.571429)
( 1,  0,  6) -> ( 9,  0,  6) : (    9.857143,    10.000000,    50.142857,    14.428571)
( 2,  0,  6) -> ( 3,  0,  6) : (    1.428571,     2.857143,     3.857143,     1.571429)
( 2,  0,  6) -> ( 4,  0,  6) : (    2.250000,     3.625000,     4.875000,     2.375000)
( 2,  0,  6) -> ( 5,  0,  6) : (    3.000000,     4.000000,    20.500000,     6.750000)
( 2,  0,  6) -> ( 6,  0,  6) : (    4.750000,     4.500000,    14.000000,     5.125000)
( 2,  0,  6) -> ( 7,  0,  6) : (    5.375000,     5.875000,    31.000000,     8.250000)
( 2,  0,  6) -> ( 8,  0,  6) : (    6.142857,    10.142857,    18.857143,     6.857143)
( 2,  0,  6) -> ( 9,  0,  6) : (    8.571429,     8.285714,    67.857143,    25.285714)
( 3,  0,  6) -> ( 4,  0,  6) : (    2.000000,     1.750000,     5.125000,     1.750000)
( 3,  0,  6) -> ( 5,  0,  6) : (    2.625000,     2.250000,     9.500000,     2.875000)
( 3,  0,  6) -> ( 6,  0,  6) : (    3.625000,     4.250000,    14.375000,     4.625000)
( 3,  0,  6) -> ( 7,  0,  6) : (    4.000000,     5.500000,    32.250000,     8.625000)
( 3,  0,  6) -> ( 8,  0,  6) : (    5.333333,     7.500000,    13.833333,     8.000000)
( 3,  0,  6) -> ( 9,  0,  6) : (    7.000000,     6.000000,    80.800000,    28.000000)
( 4,  0,  6) -> ( 5,  0,  6) : (    1.333333,     1.222222,    15.222222,     5.333333)
( 4,  0,  6) -> ( 6,  0,  6) : (    3.222222,     2.777778,    10.888889,     4.222222)
( 4,  0,  6) -> ( 7,  0,  6) : (    4.142857,     3.428571,    26.142857,     9.571429)
( 4,  0,  6) -> ( 8,  0,  6) : (    7.714286,     5.571429,    29.571429,    15.285714)
( 4,  0,  6) -> ( 9,  0,  6) : (    6.125000,     8.250000,    18.500000,    13.875000)
( 5,  0,  6) -> ( 6,  0,  6) : (    3.700000,     3.400000,    15.300000,     6.000000)
( 5,  0,  6) -> ( 7,  0,  6) : (    3.250000,     4.000000,    21.375000,     8.250000)
( 5,  0,  6) -> ( 8,  0,  6) : (    6.500000,     5.750000,    27.000000,    13.125000)
( 5,  0,  6) -> ( 9,  0,  6) : (    5.714286,     8.142857,    32.142857,    18.142857)
( 6,  0,  6) -> ( 7,  0,  6) : (    4.272727,     3.545455,     5.909091,     3.727273)
( 6,  0,  6) -> ( 8,  0,  6) : (    6.090909,     8.181818,    21.363636,    12.818182)
( 6,  0,  6) -> ( 9,  0,  6) : (    5.625000,     5.000000,    11.750000,    11.250000)
( 7,  0,  6) -> ( 8,  0,  6) : (    3.307692,     5.076923,    13.384615,     5.461538)
( 7,  0,  6) -> ( 9,  0,  6) : (    6.000000,     5.500000,    77.916667,    14.416667)
( 8,  0,  6) -> ( 9,  0,  6) : (    4.250000,     3.833333,    26.000000,     3.333333)
( 0,  1,  6) -> ( 1,  1,  6) : (    7.444444,     2.666667,    32.333333,    12.666667)
( 0,  1,  6) -> ( 2,  1,  6) : (    2.888889,     3.777778,    16.333333,     9.222222)
( 0,  1,  6) -> ( 3,  1,  6) : (    2.625000,     3.250000,    21.000000,    10.500000)
( 0,  1,  6) -> ( 4,  1,  6) : (    7.125000,     4.125000,    23.750000,     9.250000)
( 0,  1,  6) -> ( 5,  1,  6) : (    6.125000,     5.125000,    43.375000,     6.500000)
( 0,  1,  6) -> ( 6,  1,  6) : (    7.125000,     7.375000,    26.250000,    17.500000)
( 0,  1,  6) -> ( 7,  1,  6) : (    6.714286,     6.857143,    26.428571,    10.571429)
( 0,  1,  6) -> ( 8,  1,  6) : (    9.285714,    11.428571,    63.428571,    25.857143)
( 0,  1,  6) -> ( 9,  1,  6) : (   12.000000,     9.428571,    63.285714,    26.285714)
( 1,  1,  6) -> ( 2,  1,  6) : (    5.700000,     5.500000,     6.700000,     7.100000)
( 1,  1,  6) -> ( 3,  1,  6) : (   10.272727,    10.272727,    32.363636,    15.727273)
( 1,  1,  6) -> ( 4,  1,  6) : (    8.444444,     3.555556,    22.444444,     6.888889)
( 1,  1,  6) -> ( 5,  1,  6) : (   10.363636,     7.272727,    60.545455,    27.090909)
( 1,  1,  6) -> ( 6,  1,  6) : (    6.200000,     5.900000,    26.700000,     8.600000)
( 1,  1,  6) -> ( 7,  1,  6) : (   12.000000,    15.285714,    74.857143,    46.428571)
( 1,  1,  6) -> ( 8,  1,  6) : (    7.333333,    10.222222,    41.666667,    20.777778)
( 1,  1,  6) -> ( 9,  1,  6) : (    5.333333,    10.333333,    43.833333,    34.166667)
( 2,  1,  6) -> ( 3,  1,  6) : (    2.250000,     2.666667,    15.666667,     3.666667)
( 2,  1,  6) -> ( 4,  1,  6) : (    2.909091,     3.090909,    32.090909,     6.636364)
( 2,  1,  6) -> ( 5,  1,  6) : (    2.454545,     2.181818,    25.727273,     7.909091)
( 2,  1,  6) -> ( 6,  1,  6) : (    4.000000,     3.909091,    21.090909,    10.727273)
( 2,  1,  6) -> ( 7,  1,  6) : (    4.750000,     3.750000,    24.500000,     8.250000)
( 2,  1,  6) -> ( 8,  1,  6) : (    6.625000,     8.750000,    23.750000,    10.250000)
( 2,  1,  6) -> ( 9,  1,  6) : (    8.500000,     7.500000,    31.750000,    21.750000)
( 3,  1,  6) -> ( 4,  1,  6) : (    2.000000,     2.000000,     9.555556,     2.555556)
( 3,  1,  6) -> ( 5,  1,  6) : (    4.500000,     2.750000,    49.375000,     5.750000)
( 3,  1,  6) -> ( 6,  1,  6) : (    4.300000,     3.100000,    16.000000,     6.000000)
( 3,  1,  6) -> ( 7,  1,  6) : (    5.125000,     4.000000,    18.750000,     8.125000)
( 3,  1,  6) -> ( 8,  1,  6) : (    8.500000,     9.200000,    45.000000,    10.900000)
( 3,  1,  6) -> ( 9,  1,  6) : (   10.285714,     6.285714,    25.000000,    17.857143)
( 4,  1,  6) -> ( 5,  1,  6) : (    1.750000,     3.875000,     6.375000,     2.500000)
( 4,  1,  6) -> ( 6,  1,  6) : (    5.666667,     3.666667,     6.166667,     7.250000)
( 4,  1,  6) -> ( 7,  1,  6) : (    4.375000,     7.375000,    33.625000,    11.500000)
( 4,  1,  6) -> ( 8,  1,  6) : (    5.875000,     7.875000,    13.875000,     6.625000)
( 4,  1,  6) -> ( 9,  1,  6) : (    5.875000,    11.125000,    20.375000,    17.750000)
( 5,  1,  6) -> ( 6,  1,  6) : (    4.230769,     2.769231,    25.153846,     5.846154)
( 5,  1,  6) -> ( 7,  1,  6) : (    6.300000,     3.600000,    14.400000,    12.200000)
( 5,  1,  6) -> ( 8,  1,  6) : (    6.583333,     5.416667,    12.916667,     9.750000)
( 5,  1,  6) -> ( 9,  1,  6) : (    6.909091,     8.363636,    16.818182,    18.909091)
( 6,  1,  6) -> ( 7,  1,  6) : (    6.363636,     5.818182,    23.181818,     8.272727)
( 6,  1,  6) -> ( 8,  1,  6) : (    4.727273,     5.000000,    11.727273,     5.818182)
( 6,  1,  6) -> ( 9,  1,  6) : (    4.777778,     5.333333,    16.666667,    10.888889)
( 7,  1,  6) -> ( 8,  1,  6) : (    5.600000,     3.800000,    12.100000,     4.500000)
( 7,  1,  6) -> ( 9,  1,  6) : (    4.727273,     4.090909,     3.454545,    11.090909)
( 8,  1,  6) -> ( 9,  1,  6) : (    2.222222,     1.777778,     7.888889,     3.000000)
( 0,  2,  6) -> ( 1,  2,  6) : (    7.153846,     3.692308,    24.538462,     4.384615)
( 0,  2,  6) -> ( 2,  2,  6) : (    3.333333,     3.166667,    29.250000,     4.583333)
( 0,  2,  6) -> ( 3,  2,  6) : (    4.400000,     3.900000,    23.900000,     6.100000)
( 0,  2,  6) -> ( 4,  2,  6) : (   10.384615,     5.923077,    53.923077,    14.000000)
( 0,  2,  6) -> ( 5,  2,  6) : (    6.636364,     6.000000,    50.363636,    11.363636)
( 0,  2,  6) -> ( 6,  2,  6) : (    8.583333,     6.250000,    44.416667,    14.833333)
( 0,  2,  6) -> ( 7,  2,  6) : (    7.545455,     8.181818,    79.545455,    17.363636)
( 0,  2,  6) -> ( 8,  2,  6) : (    9.900000,    10.500000,    51.600000,    12.100000)
( 0,  2,  6) -> ( 9,  2,  6) : (   12.750000,    12.500000,    76.000000,    17.125000)
( 1,  2,  6) -> ( 2,  2,  6) : (    4.666667,     2.555556,    21.666667,     2.888889)
( 1,  2,  6) -> ( 3,  2,  6) : (    5.555556,     2.666667,    60.222222,     7.666667)
( 1,  2,  6) -> ( 4,  2,  6) : (   11.000000,     4.375000,    17.625000,    11.750000)
( 1,  2,  6) -> ( 5,  2,  6) : (    6.875000,     4.000000,    43.375000,     6.250000)
( 1,  2,  6) -> ( 6,  2,  6) : (    7.750000,     5.000000,    52.625000,    12.125000)
( 1,  2,  6) -> ( 7,  2,  6) : (    7.000000,     5.875000,    87.000000,    30.375000)
( 1,  2,  6) -> ( 8,  2,  6) : (    8.714286,     8.000000,    27.714286,    21.000000)
( 1,  2,  6) -> ( 9,  2,  6) : (    9.000000,     8.166667,    58.833333,    45.500000)
( 2,  2,  6) -> ( 3,  2,  6) : (    3.818182,     2.454545,     9.363636,     3.909091)
( 2,  2,  6) -> ( 4,  2,  6) : (    5.000000,     4.700000,     9.600000,     9.300000)
( 2,  2,  6) -> ( 5,  2,  6) : (    3.000000,     4.400000,    17.400000,     5.900000)
( 2,  2,  6) -> ( 6,  2,  6) : (    5.375000,     8.125000,    16.625000,     8.250000)
( 2,  2,  6) -> ( 7,  2,  6) : (    6.100000,     7.400000,    37.800000,    21.100000)
( 2,  2,  6) -> ( 8,  2,  6) : (    8.000000,    12.666667,    24.333333,     7.111111)
( 2,  2,  6) -> ( 9,  2,  6) : (   10.142857,    12.285714,    48.285714,    24.285714)
( 3,  2,  6) -> ( 4,  2,  6) : (    4.909091,     2.363636,     2.000000,     2.363636)
( 3,  2,  6) -> ( 5,  2,  6) : (    4.769231,     4.153846,    11.846154,     5.461538)
( 3,  2,  6) -> ( 6,  2,  6) : (    5.250000,     8.583333,    38.916667,    13.000000)
( 3,  2,  6) -> ( 7,  2,  6) : (    4.642857,     4.714286,    21.642857,    11.214286)
( 3,  2,  6) -> ( 8,  2,  6) : (    7.636364,     9.636364,    24.090909,     6.454545)
( 3,  2,  6) -> ( 9,  2,  6) : (    8.375000,    12.125000,    27.250000,     9.250000)
( 4,  2,  6) -> ( 5,  2,  6) : (    2.300000,     1.900000,    19.600000,     4.900000)
( 4,  2,  6) -> ( 6,  2,  6) : (    5.111111,     3.000000,     8.111111,     4.222222)
( 4,  2,  6) -> ( 7,  2,  6) : (    5.222222,     5.222222,    14.222222,     5.888889)
( 4,  2,  6) -> ( 8,  2,  6) : (    5.800000,     7.400000,    20.900000,     5.400000)
( 4,  2,  6) -> ( 9,  2,  6) : (   10.250000,     8.375000,    26.875000,    22.375000)
( 5,  2,  6) -> ( 6,  2,  6) : (    2.500000,     2.300000,    10.700000,     4.500000)
( 5,  2,  6) -> ( 7,  2,  6) : (    6.600000,     5.000000,    25.333333,     7.666667)
( 5,  2,  6) -> ( 8,  2,  6) : (    4.916667,     4.833333,    13.916667,     5.000000)
( 5,  2,  6) -> ( 9,  2,  6) : (    8.555556,     9.333333,    24.666667,     6.888889)
( 6,  2,  6) -> ( 7,  2,  6) : (    3.100000,     2.500000,     4.400000,     4.000000)
( 6,  2,  6) -> ( 8,  2,  6) : (    3.727273,     4.727273,     7.000000,     5.454545)
( 6,  2,  6) -> ( 9,  2,  6) : (    7.700000,    10.000000,    24.600000,     6.900000)
( 7,  2,  6) -> ( 8,  2,  6) : (    3.727273,     5.909091,     4.454545,     5.272727)
( 7,  2,  6) -> ( 9,  2,  6) : (    5.000000,     4.111111,    29.777778,     7.000000)
( 8,  2,  6) -> ( 9,  2,  6) : (    4.888889,     2.888889,    28.111111,     6.555556)
( 0,  3,  6) -> ( 1,  3,  6) : (    1.714286,     1.000000,     6.571429,     1.714286)
( 0,  3,  6) -> ( 2,  3,  6) : (    7.727273,     8.181818,    56.727273,    16.727273)
( 0,  3,  6) -> ( 3,  3,  6) : (    8.400000,     6.700000,    19.800000,     5.100000)
( 0,  3,  6) -> ( 4,  3,  6) : (    7.600000,    19.000000,    22.300000,    15.000000)
( 0,  3,  6) -> ( 5,  3,  6) : (   10.181818,    13.181818,    28.181818,    14.181818)
( 0,  3,  6) -> ( 6,  3,  6) : (    7.111111,     5.222222,    40.888889,    21.111111)
( 0,  3,  6) -> ( 7,  3,  6) : (    7.500000,     8.125000,    40.750000,    20.500000)
( 0,  3,  6) -> ( 8,  3,  6) : (    6.900000,     8.000000,    43.500000,    22.200000)
( 0,  3,  6) -> ( 9,  3,  6) : (   12.166667,    10.000000,    42.666667,    26.500000)
( 1,  3,  6) -> ( 2,  3,  6) : (    8.125000,     7.375000,    62.750000,    16.375000)
( 1,  3,  6) -> ( 3,  3,  6) : (    9.333333,     4.777778,    14.777778,     4.333333)
( 1,  3,  6) -> ( 4,  3,  6) : (    8.222222,     4.111111,    13.444444,     2.444444)
( 1,  3,  6) -> ( 5,  3,  6) : (    7.700000,     5.300000,    32.300000,    13.900000)
( 1,  3,  6) -> ( 6,  3,  6) : (    5.555556,     6.444444,    15.222222,    11.000000)
( 1,  3,  6) -> ( 7,  3,  6) : (    7.111111,     6.888889,    21.333333,    11.777778)
( 1,  3,  6) -> ( 8,  3,  6) : (    9.666667,     7.666667,    26.666667,     7.222222)
( 1,  3,  6) -> ( 9,  3,  6) : (    6.777778,     8.444444,    30.666667,    23.000000)
( 2,  3,  6) -> ( 3,  3,  6) : (    2.000000,     6.142857,     9.142857,     2.714286)
( 2,  3,  6) -> ( 4,  3,  6) : (    4.000000,    19.333333,    10.000000,    14.666667)
( 2,  3,  6) -> ( 5,  3,  6) : (   11.142857,    11.857143,    19.571429,    13.571429)
( 2,  3,  6) -> ( 6,  3,  6) : (    5.000000,     5.200000,    22.800000,     7.000000)
( 2,  3,  6) -> ( 7,  3,  6) : (    5.400000,     8.200000,    31.200000,     6.200000)
( 2,  3,  6) -> ( 8,  3,  6) : (    6.500000,     8.333333,    55.166667,    11.833333)
( 2,  3,  6) -> ( 9,  3,  6) : (    6.333333,     8.000000,    27.666667,    14.666667)
( 3,  3,  6) -> ( 4,  3,  6) : (    5.200000,    17.000000,     6.400000,    13.700000)
( 3,  3,  6) -> ( 5,  3,  6) : (    8.300000,    11.400000,     6.500000,    12.100000)
( 3,  3,  6) -> ( 6,  3,  6) : (    2.800000,     3.800000,    13.200000,     6.800000)
( 3,  3,  6) -> ( 7,  3,  6) : (    5.625000,     5.125000,    44.250000,     6.000000)
( 3,  3,  6) -> ( 8,  3,  6) : (    6.375000,     6.500000,    47.000000,     7.000000)
( 3,  3,  6) -> ( 9,  3,  6) : (    4.400000,     6.000000,    27.600000,    18.400000)
( 4,  3,  6) -> ( 5,  3,  6) : (    2.375000,     5.750000,     3.625000,     6.000000)
( 4,  3,  6) -> ( 6,  3,  6) : (    5.875000,     3.125000,    11.250000,     3.375000)
( 4,  3,  6) -> ( 7,  3,  6) : (    3.285714,     4.571429,    18.857143,     3.714286)
( 4,  3,  6) -> ( 8,  3,  6) : (    7.375000,     6.750000,    45.000000,     6.000000)
( 4,  3,  6) -> ( 9,  3,  6) : (    8.428571,     6.571429,    22.285714,    26.571429)
( 5,  3,  6) -> ( 6,  3,  6) : (    9.571429,     3.285714,    14.428571,     1.428571)
( 5,  3,  6) -> ( 7,  3,  6) : (   11.000000,     2.875000,    15.750000,     2.625000)
( 5,  3,  6) -> ( 8,  3,  6) : (    9.300000,     5.900000,    35.100000,     6.500000)
( 5,  3,  6) -> ( 9,  3,  6) : (    6.428571,     5.285714,    26.285714,    26.285714)
( 6,  3,  6) -> ( 7,  3,  6) : (    2.333333,     4.555556,     9.777778,     3.666667)
( 6,  3,  6) -> ( 8,  3,  6) : (    3.625000,     2.625000,     6.375000,     4.375000)
( 6,  3,  6) -> ( 9,  3,  6) : (    3.875000,     4.250000,    20.750000,    14.375000)
( 7,  3,  6) -> ( 8,  3,  6) : (    2.333333,     2.000000,     5.666667,     2.111111)
( 7,  3,  6) -> ( 9,  3,  6) : (    3.500000,     4.125000,     6.875000,    11.000000)
( 8,  3,  6) -> ( 9,  3,  6) : (    1.000000,     2.375000,    37.375000,     2.000000)
( 0,  4,  6) -> ( 1,  4,  6) : (    3.333333,     1.666667,     5.000000,     1.777778)
( 0,  4,  6) -> ( 2,  4,  6) : (    6.181818,     9.272727,    13.363636,     8.363636)
( 0,  4,  6) -> ( 3,  4,  6) : (    8.545455,     9.272727,    16.909091,    10.363636)
( 0,  4,  6) -> ( 4,  4,  6) : (    9.300000,    15.600000,    16.100000,    20.300000)
( 0,  4,  6) -> ( 5,  4,  6) : (    7.875000,     5.250000,    13.750000,     4.125000)
( 0,  4,  6) -> ( 6,  4,  6) : (    6.625000,     6.125000,    19.625000,     5.750000)
( 0,  4,  6) -> ( 7,  4,  6) : (    9.714286,     7.571429,    17.285714,     6.428571)
( 0,  4,  6) -> ( 8,  4,  6) : (   10.571429,    12.714286,    23.142857,    20.428571)
( 0,  4,  6) -> ( 9,  4,  6) : (   13.400000,    15.200000,    55.200000,    50.600000)
( 1,  4,  6) -> ( 2,  4,  6) : (    4.444444,     2.333333,     6.000000,     2.777778)
( 1,  4,  6) -> ( 3,  4,  6) : (    5.363636,     3.909091,    25.636364,     8.818182)
( 1,  4,  6) -> ( 4,  4,  6) : (    4.428571,     4.428571,     9.714286,     3.571429)
( 1,  4,  6) -> ( 5,  4,  6) : (   12.400000,    16.700000,    11.500000,    12.300000)
( 1,  4,  6) -> ( 6,  4,  6) : (    6.125000,     6.500000,    15.250000,     8.625000)
( 1,  4,  6) -> ( 7,  4,  6) : (    6.666667,     7.833333,    12.000000,     8.666667)
( 1,  4,  6) -> ( 8,  4,  6) : (    9.222222,    11.777778,    25.555556,    17.333333)
( 1,  4,  6) -> ( 9,  4,  6) : (   10.428571,    13.428571,    54.857143,    15.428571)
( 2,  4,  6) -> ( 3,  4,  6) : (    5.000000,     2.818182,     6.727273,     1.818182)
( 2,  4,  6) -> ( 4,  4,  6) : (   10.000000,     5.875000,     7.375000,     2.875000)
( 2,  4,  6) -> ( 5,  4,  6) : (    5.666667,     3.166667,    12.333333,     3.500000)
( 2,  4,  6) -> ( 6,  4,  6) : (    8.000000,     5.800000,    18.800000,     6.300000)
( 2,  4,  6) -> ( 7,  4,  6) : (    8.400000,     4.400000,    14.800000,     6.600000)
( 2,  4,  6) -> ( 8,  4,  6) : (   10.428571,     8.285714,    27.000000,     9.428571)
( 2,  4,  6) -> ( 9,  4,  6) : (   10.833333,     7.333333,    35.333333,    32.166667)
( 3,  4,  6) -> ( 4,  4,  6) : (    6.428571,     4.714286,     5.285714,     1.714286)
( 3,  4,  6) -> ( 5,  4,  6) : (    6.857143,     2.714286,     9.571429,     2.285714)
( 3,  4,  6) -> ( 6,  4,  6) : (    5.125000,     3.375000,    36.875000,     8.625000)
( 3,  4,  6) -> ( 7,  4,  6) : (   11.166667,     5.333333,    13.666667,     5.000000)
( 3,  4,  6) -> ( 8,  4,  6) : (    9.625000,     7.750000,    28.250000,     8.875000)
( 3,  4,  6) -> ( 9,  4,  6) : (    9.375000,     5.625000,    34.250000,    25.875000)
( 4,  4,  6) -> ( 5,  4,  6) : (    1.833333,     2.333333,     2.833333,     2.666667)
( 4,  4,  6) -> ( 6,  4,  6) : (    2.285714,     3.285714,     6.571429,     4.000000)
( 4,  4,  6) -> ( 7,  4,  6) : (    5.142857,     5.285714,     9.285714,     4.142857)
( 4,  4,  6) -> ( 8,  4,  6) : (    6.000000,     8.000000,    15.142857,     6.857143)
( 4,  4,  6) -> ( 9,  4,  6) : (    7.142857,    10.000000,    20.571429,     8.428571)
( 5,  4,  6) -> ( 6,  4,  6) : (    3.666667,     2.444444,     6.444444,     3.444444)
( 5,  4,  6) -> ( 7,  4,  6) : (    3.000000,     3.750000,     8.875000,     2.500000)
( 5,  4,  6) -> ( 8,  4,  6) : (    5.375000,     6.750000,    15.875000,     7.250000)
( 5,  4,  6) -> ( 9,  4,  6) : (    8.444444,     9.111111,    21.111111,     8.222222)
( 6,  4,  6) -> ( 7,  4,  6) : (    3.428571,     2.857143,     3.571429,     2.714286)
( 6,  4,  6) -> ( 8,  4,  6) : (    3.625000,     6.375000,    11.375000,     4.750000)
( 6,  4,  6) -> ( 9,  4,  6) : (    5.125000,     6.625000,    17.375000,     8.875000)
( 7,  4,  6) -> ( 8,  4,  6) : (    5.625000,     3.500000,     8.750000,     3.125000)
( 7,  4,  6) -> ( 9,  4,  6) : (    5.250000,     6.125000,     9.875000,     5.750000)
( 8,  4,  6) -> ( 9,  4,  6) : (    1.909091,     4.000000,    22.000000,     5.727273)
( 0,  5,  6) -> ( 1,  5,  6) : (    4.428571,     1.428571,     5.857143,     2.142857)
( 0,  5,  6) -> ( 2,  5,  6) : (    6.375000,     6.875000,    48.125000,     7.125000)
( 0,  5,  6) -> ( 3,  5,  6) : (    4.571429,     3.857143,     6.857143,     4.142857)
( 0,  5,  6) -> ( 4,  5,  6) : (    4.857143,     5.000000,    10.857143,     4.285714)
( 0,  5,  6) -> ( 5,  5,  6) : (    5.833333,     5.000000,     9.833333,     6.166667)
( 0,  5,  6) -> ( 6,  5,  6) : (    7.000000,     7.142857,    37.571429,    21.285714)
( 0,  5,  6) -> ( 7,  5,  6) : (    8.714286,     8.571429,    18.571429,     8.000000)
( 0,  5,  6) -> ( 8,  5,  6) : (    9.333333,     7.500000,    23.333333,    28.333333)
( 0,  5,  6) -> ( 9,  5,  6) : (    5.200000,     7.800000,    58.600000,    23.400000)
( 1,  5,  6) -> ( 2,  5,  6) : (    2.833333,     6.666667,     2.666667,     7.166667)
( 1,  5,  6) -> ( 3,  5,  6) : (    8.142857,     2.428571,     9.285714,     2.285714)
( 1,  5,  6) -> ( 4,  5,  6) : (    8.428571,     3.857143,    13.000000,     3.285714)
( 1,  5,  6) -> ( 5,  5,  6) : (   11.571429,     4.714286,    12.571429,     4.571429)
( 1,  5,  6) -> ( 6,  5,  6) : (   10.571429,     6.571429,    39.714286,    20.571429)
( 1,  5,  6) -> ( 7,  5,  6) : (    8.857143,     9.000000,    45.857143,     7.285714)
( 1,  5,  6) -> ( 8,  5,  6) : (   11.500000,     9.166667,    28.333333,     9.333333)
( 1,  5,  6) -> ( 9,  5,  6) : (   11.500000,    11.833333,    12.833333,    22.833333)
( 2,  5,  6) -> ( 3,  5,  6) : (    1.600000,     2.200000,     3.400000,     1.600000)
( 2,  5,  6) -> ( 4,  5,  6) : (    2.400000,     2.600000,     7.000000,     3.000000)
( 2,  5,  6) -> ( 5,  5,  6) : (    6.000000,     2.800000,     9.600000,     4.600000)
( 2,  5,  6) -> ( 6,  5,  6) : (    4.200000,     5.600000,    44.400000,    27.600000)
( 2,  5,  6) -> ( 7,  5,  6) : (    5.800000,     6.800000,    18.600000,     7.400000)
( 2,  5,  6) -> ( 8,  5,  6) : (    6.800000,     7.800000,    25.400000,     9.200000)
( 2,  5,  6) -> ( 9,  5,  6) : (    8.666667,    12.000000,    21.333333,     7.333333)
( 3,  5,  6) -> ( 4,  5,  6) : (    1.777778,     2.333333,    25.666667,     5.000000)
( 3,  5,  6) -> ( 5,  5,  6) : (    4.444444,     3.777778,     7.444444,     4.222222)
( 3,  5,  6) -> ( 6,  5,  6) : (    2.500000,     4.875000,    29.000000,    19.375000)
( 3,  5,  6) -> ( 7,  5,  6) : (    4.222222,     5.111111,    15.444444,     6.333333)
( 3,  5,  6) -> ( 8,  5,  6) : (    6.125000,     5.125000,    47.000000,    11.125000)
( 3,  5,  6) -> ( 9,  5,  6) : (    5.333333,     7.888889,    23.333333,     9.555556)
( 4,  5,  6) -> ( 5,  5,  6) : (    3.714286,     2.142857,     6.142857,     1.285714)
( 4,  5,  6) -> ( 6,  5,  6) : (    2.500000,     2.500000,     5.833333,     2.500000)
( 4,  5,  6) -> ( 7,  5,  6) : (    3.857143,     3.571429,     8.857143,     3.714286)
( 4,  5,  6) -> ( 8,  5,  6) : (    5.714286,     4.857143,    15.142857,     5.285714)
( 4,  5,  6) -> ( 9,  5,  6) : (    6.000000,     7.333333,    22.833333,     7.666667)
( 5,  5,  6) -> ( 6,  5,  6) : (    4.125000,     2.000000,    11.500000,     2.000000)
( 5,  5,  6) -> ( 7,  5,  6) : (    3.666667,     3.222222,    13.777778,     2.666667)
( 5,  5,  6) -> ( 8,  5,  6) : (    3.800000,     2.200000,    22.200000,     4.600000)
( 5,  5,  6) -> ( 9,  5,  6) : (    4.666667,     4.000000,    14.166667,     8.833333)
( 6,  5,  6) -> ( 7,  5,  6) : (    1.625000,     1.500000,     3.750000,     1.000000)
( 6,  5,  6) -> ( 8,  5,  6) : (    4.428571,     2.714286,    36.000000,     6.142857)
( 6,  5,  6) -> ( 9,  5,  6) : (    4.625000,     4.625000,    16.625000,     5.375000)
( 7,  5,  6) -> ( 8,  5,  6) : (    3.666667,     1.666667,    29.000000,     4.333333)
( 7,  5,  6) -> ( 9,  5,  6) : (    4.222222,     3.000000,     9.666667,     4.111111)
( 8,  5,  6) -> ( 9,  5,  6) : (    6.000000,     2.444444,    52.777778,    13.444444)
( 0,  6,  6) -> ( 1,  6,  6) : (    2.777778,    11.444444,     2.555556,     8.888889)
( 0,  6,  6) -> ( 2,  6,  6) : (    7.666667,    13.000000,    38.444444,    10.555556)
( 0,  6,  6) -> ( 3,  6,  6) : (    6.875000,     8.250000,    54.000000,     6.625000)
( 0,  6,  6) -> ( 4,  6,  6) : (    6.857143,     6.428571,    33.714286,     5.571429)
( 0,  6,  6) -> ( 5,  6,  6) : (    5.250000,     6.625000,    16.375000,     5.750000)
( 0,  6,  6) -> ( 6,  6,  6) : (    8.222222,     8.444444,    21.444444,     6.888889)
( 0,  6,  6) -> ( 7,  6,  6) : (    9.428571,     9.000000,    26.428571,     6.714286)
( 0,  6,  6) -> ( 8,  6,  6) : (    9.000000,     7.166667,    19.500000,    11.000000)
( 0,  6,  6) -> ( 9,  6,  6) : (    5.000000,     5.000000,    23.750000,    17.500000)
( 1,  6,  6) -> ( 2,  6,  6) : (    5.333333,     9.888889,    38.777778,     6.333333)
( 1,  6,  6) -> ( 3,  6,  6) : (    8.500000,     7.750000,    54.750000,    16.500000)
( 1,  6,  6) -> ( 4,  6,  6) : (    5.285714,     5.428571,    34.000000,     4.714286)
( 1,  6,  6) -> ( 5,  6,  6) : (    5.000000,     5.625000,    15.250000,     5.000000)
( 1,  6,  6) -> ( 6,  6,  6) : (    6.500000,     7.625000,    19.000000,    17.375000)
( 1,  6,  6) -> ( 7,  6,  6) : (    6.571429,     8.142857,    50.142857,     7.428571)
( 1,  6,  6) -> ( 8,  6,  6) : (    9.333333,     7.833333,    50.000000,    22.666667)
( 1,  6,  6) -> ( 9,  6,  6) : (    7.800000,     9.400000,    34.400000,    14.600000)
( 2,  6,  6) -> ( 3,  6,  6) : (    6.000000,     1.166667,     9.666667,     1.833333)
( 2,  6,  6) -> ( 4,  6,  6) : (    2.833333,     2.333333,     7.500000,     3.333333)
( 2,  6,  6) -> ( 5,  6,  6) : (    5.833333,     3.333333,    18.166667,     4.000000)
( 2,  6,  6) -> ( 6,  6,  6) : (    6.200000,     4.800000,    22.000000,     5.800000)
( 2,  6,  6) -> ( 7,  6,  6) : (    5.000000,     7.200000,    30.200000,     7.600000)
( 2,  6,  6) -> ( 8,  6,  6) : (    7.800000,     8.200000,    25.600000,    30.000000)
( 2,  6,  6) -> ( 9,  6,  6) : (    5.200000,     8.600000,    35.200000,    14.400000)
( 3,  6,  6) -> ( 4,  6,  6) : (    4.000000,     1.600000,     4.800000,     1.800000)
( 3,  6,  6) -> ( 5,  6,  6) : (    1.800000,     2.800000,     8.200000,     3.200000)
( 3,  6,  6) -> ( 6,  6,  6) : (    4.000000,     4.800000,    13.800000,     5.200000)
( 3,  6,  6) -> ( 7,  6,  6) : (    3.600000,     5.600000,    53.400000,    32.200000)
( 3,  6,  6) -> ( 8,  6,  6) : (    4.250000,     4.000000,    24.500000,    11.500000)
( 3,  6,  6) -> ( 9,  6,  6) : (    6.600000,     7.800000,    27.400000,    14.200000)
( 4,  6,  6) -> ( 5,  6,  6) : (    6.000000,     1.166667,    11.000000,     1.333333)
( 4,  6,  6) -> ( 6,  6,  6) : (    6.000000,     3.666667,    16.333333,     3.166667)
( 4,  6,  6) -> ( 7,  6,  6) : (    5.800000,     5.400000,    22.800000,     7.000000)
( 4,  6,  6) -> ( 8,  6,  6) : (    4.500000,     3.250000,    23.250000,     9.250000)
( 4,  6,  6) -> ( 9,  6,  6) : (    4.000000,     5.250000,    23.000000,    13.500000)
( 5,  6,  6) -> ( 6,  6,  6) : (    3.375000,     2.000000,    26.500000,     4.125000)
( 5,  6,  6) -> ( 7,  6,  6) : (    3.142857,     3.000000,    10.285714,     5.285714)
( 5,  6,  6) -> ( 8,  6,  6) : (    3.750000,     3.625000,    14.750000,     7.000000)
( 5,  6,  6) -> ( 9,  6,  6) : (    7.111111,    12.222222,    63.111111,    19.111111)
( 6,  6,  6) -> ( 7,  6,  6) : (    1.000000,     1.625000,     5.500000,     2.625000)
( 6,  6,  6) -> ( 8,  6,  6) : (    3.125000,     1.750000,    11.000000,     5.875000)
( 6,  6,  6) -> ( 9,  6,  6) : (    5.375000,     7.250000,    45.625000,    10.250000)
( 7,  6,  6) -> ( 8,  6,  6) : (    2.285714,     1.428571,     4.285714,     2.857143)
( 7,  6,  6) -> ( 9,  6,  6) : (    8.285714,    12.571429,    74.714286,     9.857143)
( 8,  6,  6) -> ( 9,  6,  6) : (    6.111111,     5.000000,    33.555556,    13.333333)
( 0,  7,  6) -> ( 1,  7,  6) : (    1.571429,     1.285714,     9.428571,     1.000000)
( 0,  7,  6) -> ( 2,  7,  6) : (    3.500000,     5.000000,    36.500000,    12.333333)
( 0,  7,  6) -> ( 3,  7,  6) : (    3.428571,     3.285714,    12.571429,     3.571429)
( 0,  7,  6) -> ( 4,  7,  6) : (    6.000000,     3.800000,    25.200000,     4.000000)
( 0,  7,  6) -> ( 5,  7,  6) : (    7.166667,     7.166667,    23.833333,     5.000000)
( 0,  7,  6) -> ( 6,  7,  6) : (    9.250000,     7.500000,    43.750000,     7.250000)
( 0,  7,  6) -> ( 7,  7,  6) : (   11.200000,     9.800000,    37.800000,     7.600000)
( 0,  7,  6) -> ( 8,  7,  6) : (   13.400000,    10.600000,    88.000000,    31.000000)
( 0,  7,  6) -> ( 9,  7,  6) : (   11.800000,     9.600000,    95.200000,    29.200000)
( 1,  7,  6) -> ( 2,  7,  6) : (    3.142857,     1.857143,    11.571429,     1.285714)
( 1,  7,  6) -> ( 3,  7,  6) : (    3.857143,     2.285714,     4.857143,     2.571429)
( 1,  7,  6) -> ( 4,  7,  6) : (    5.000000,     3.428571,    13.428571,     3.714286)
( 1,  7,  6) -> ( 5,  7,  6) : (    6.428571,     6.000000,    12.571429,     5.000000)
( 1,  7,  6) -> ( 6,  7,  6) : (    6.333333,     6.166667,    25.000000,     6.833333)
( 1,  7,  6) -> ( 7,  7,  6) : (    8.857143,     7.714286,    21.428571,    21.857143)
( 1,  7,  6) -> ( 8,  7,  6) : (   12.000000,     7.250000,    46.500000,     9.250000)
( 1,  7,  6) -> ( 9,  7,  6) : (   11.333333,     8.166667,    28.833333,    13.000000)
( 2,  7,  6) -> ( 3,  7,  6) : (    2.750000,     0.875000,    12.250000,     1.250000)
( 2,  7,  6) -> ( 4,  7,  6) : (    4.250000,     2.500000,     7.875000,     2.625000)
( 2,  7,  6) -> ( 5,  7,  6) : (    5.111111,     4.222222,    11.000000,     3.222222)
( 2,  7,  6) -> ( 6,  7,  6) : (    6.500000,     4.625000,    17.125000,     5.625000)
( 2,  7,  6) -> ( 7,  7,  6) : (    7.500000,     6.875000,    19.375000,     5.625000)
( 2,  7,  6) -> ( 8,  7,  6) : (    8.125000,     7.000000,    27.500000,     7.125000)
( 2,  7,  6) -> ( 9,  7,  6) : (   10.125000,     8.875000,    50.750000,     9.875000)
( 3,  7,  6) -> ( 4,  7,  6) : (    2.000000,     2.571429,    11.428571,     2.571429)
( 3,  7,  6) -> ( 5,  7,  6) : (    3.142857,     3.714286,     9.428571,     2.428571)
( 3,  7,  6) -> ( 6,  7,  6) : (    5.250000,     5.000000,    25.750000,     4.250000)
( 3,  7,  6) -> ( 7,  7,  6) : (    5.857143,     5.428571,    18.285714,    20.142857)
( 3,  7,  6) -> ( 8,  7,  6) : (    8.800000,     7.000000,    34.800000,     6.600000)
( 3,  7,  6) -> ( 9,  7,  6) : (    9.857143,     8.142857,    26.714286,    11.000000)
( 4,  7,  6) -> ( 5,  7,  6) : (    1.714286,     3.714286,     4.285714,     3.571429)
( 4,  7,  6) -> ( 6,  7,  6) : (    2.666667,     4.666667,     9.500000,     5.166667)
( 4,  7,  6) -> ( 7,  7,  6) : (    4.142857,     5.857143,    10.142857,     6.142857)
( 4,  7,  6) -> ( 8,  7,  6) : (    5.428571,     7.285714,    20.000000,     7.571429)
( 4,  7,  6) -> ( 9,  7,  6) : (    7.857143,     9.285714,    18.142857,     9.571429)
( 5,  7,  6) -> ( 6,  7,  6) : (    1.888889,     1.000000,    10.666667,     3.444444)
( 5,  7,  6) -> ( 7,  7,  6) : (    4.777778,     2.222222,    11.111111,     3.111111)
( 5,  7,  6) -> ( 8,  7,  6) : (    5.125000,     3.375000,    22.250000,     4.625000)
( 5,  7,  6) -> ( 9,  7,  6) : (    5.777778,     4.666667,    20.000000,    11.222222)
( 6,  7,  6) -> ( 7,  7,  6) : (    4.555556,     1.555556,    10.555556,     1.666667)
( 6,  7,  6) -> ( 8,  7,  6) : (    4.333333,     2.444444,    14.111111,     2.777778)
( 6,  7,  6) -> ( 9,  7,  6) : (    4.375000,     3.000000,    10.125000,     8.125000)
( 7,  7,  6) -> ( 8,  7,  6) : (    1.750000,     1.875000,    13.500000,     2.500000)
( 7,  7,  6) -> ( 9,  7,  6) : (    3.500000,     3.125000,     8.250000,     6.625000)
( 8,  7,  6) -> ( 9,  7,  6) : (    2.222222,     2.666667,    10.222222,     4.333333)
( 0,  8,  6) -> ( 1,  8,  6) : (    3.750000,     1.375000,     6.875000,     0.875000)
( 0,  8,  6) -> ( 2,  8,  6) : (    1.875000,     2.250000,     6.625000,     2.250000)
( 0,  8,  6) -> ( 3,  8,  6) : (    3.500000,     4.750000,    31.625000,    15.500000)
( 0,  8,  6) -> ( 4,  8,  6) : (    4.750000,     5.875000,    14.000000,     4.000000)
( 0,  8,  6) -> ( 5,  8,  6) : (    6.250000,     7.250000,    19.625000,     5.125000)
( 0,  8,  6) -> ( 6,  8,  6) : (    6.250000,     8.375000,    26.500000,     6.250000)
( 0,  8,  6) -> ( 7,  8,  6) : (    6.571429,    10.857143,    23.285714,    21.000000)
( 0,  8,  6) -> ( 8,  8,  6) : (    9.000000,    14.500000,    31.333333,     4.166667)
( 0,  8,  6) -> ( 9,  8,  6) : (    2.000000,    11.333333,    79.166667,    44.166667)
( 1,  8,  6) -> ( 2,  8,  6) : (    1.714286,     1.142857,     1.857143,     1.571429)
( 1,  8,  6) -> ( 3,  8,  6) : (    2.428571,     3.714286,    27.142857,    17.285714)
( 1,  8,  6) -> ( 4,  8,  6) : (    4.857143,     3.857143,     8.571429,     4.285714)
( 1,  8,  6) -> ( 5,  8,  6) : (    6.285714,     5.428571,    15.142857,     5.428571)
( 1,  8,  6) -> ( 6,  8,  6) : (    6.857143,     6.714286,    19.428571,     6.571429)
( 1,  8,  6) -> ( 7,  8,  6) : (    8.714286,     8.285714,    25.000000,     8.428571)
( 1,  8,  6) -> ( 8,  8,  6) : (   10.833333,    11.000000,    35.500000,     8.000000)
( 1,  8,  6) -> ( 9,  8,  6) : (    3.000000,    11.333333,    49.666667,    29.000000)
( 2,  8,  6) -> ( 3,  8,  6) : (    2.625000,     2.750000,    25.000000,    14.750000)
( 2,  8,  6) -> ( 4,  8,  6) : (    3.375000,     3.625000,     7.375000,     3.000000)
( 2,  8,  6) -> ( 5,  8,  6) : (    4.875000,     5.000000,    13.000000,     4.625000)
( 2,  8,  6) -> ( 6,  8,  6) : (    5.625000,     6.125000,    19.875000,     5.750000)
( 2,  8,  6) -> ( 7,  8,  6) : (    6.875000,     8.375000,    25.125000,     7.375000)
( 2,  8,  6) -> ( 8,  8,  6) : (    8.142857,    11.285714,    34.571429,     7.428571)
( 2,  8,  6) -> ( 9,  8,  6) : (    7.375000,    13.375000,    46.625000,    10.000000)
( 3,  8,  6) -> ( 4,  8,  6) : (    2.666667,     1.833333,     3.333333,     1.666667)
( 3,  8,  6) -> ( 5,  8,  6) : (    4.333333,     3.333333,     9.666667,     3.666667)
( 3,  8,  6) -> ( 6,  8,  6) : (    4.666667,     4.666667,    13.666667,     4.833333)
( 3,  8,  6) -> ( 7,  8,  6) : (    6.500000,     6.333333,    19.166667,     6.833333)
( 3,  8,  6) -> ( 8,  8,  6) : (    8.600000,     8.800000,    29.200000,     7.200000)
( 3,  8,  6) -> ( 9,  8,  6) : (    5.666667,    11.000000,    49.166667,     9.666667)
( 4,  8,  6) -> ( 5,  8,  6) : (    1.333333,     1.222222,     7.333333,     1.888889)
( 4,  8,  6) -> ( 6,  8,  6) : (    3.111111,     2.333333,    12.444444,     3.222222)
( 4,  8,  6) -> ( 7,  8,  6) : (    4.222222,     4.222222,    17.777778,     5.000000)
( 4,  8,  6) -> ( 8,  8,  6) : (    5.375000,     6.875000,    26.375000,     6.125000)
( 4,  8,  6) -> ( 9,  8,  6) : (    5.727273,     8.363636,    38.272727,    12.000000)
( 5,  8,  6) -> ( 6,  8,  6) : (    3.333333,     1.111111,     6.888889,     1.333333)
( 5,  8,  6) -> ( 7,  8,  6) : (    3.777778,     3.222222,    11.777778,     3.111111)
( 5,  8,  6) -> ( 8,  8,  6) : (    4.500000,     5.875000,    20.375000,     4.375000)
( 5,  8,  6) -> ( 9,  8,  6) : (    5.777778,     9.111111,    37.777778,     7.777778)
( 6,  8,  6) -> ( 7,  8,  6) : (    2.000000,     2.444444,     5.333333,     1.777778)
( 6,  8,  6) -> ( 8,  8,  6) : (    3.375000,     4.750000,    13.125000,     3.250000)
( 6,  8,  6) -> ( 9,  8,  6) : (    6.000000,     5.000000,    14.333333,     7.500000)
( 7,  8,  6) -> ( 8,  8,  6) : (    1.428571,     2.000000,     7.857143,     1.857143)
( 7,  8,  6) -> ( 9,  8,  6) : (    6.571429,     3.714286,    12.285714,     5.714286)
( 8,  8,  6) -> ( 9,  8,  6) : (    6.857143,     2.000000,    10.142857,     4.428571)
( 0,  9,  6) -> ( 1,  9,  6) : (    5.000000,     2.428571,     7.000000,     1.714286)
( 0,  9,  6) -> ( 2,  9,  6) : (    7.857143,     2.142857,    18.142857,     2.571429)
( 0,  9,  6) -> ( 3,  9,  6) : (    7.714286,     3.857143,    18.285714,     3.428571)
( 0,  9,  6) -> ( 4,  9,  6) : (   11.200000,     5.600000,    52.200000,    17.200000)
( 0,  9,  6) -> ( 5,  9,  6) : (   13.400000,     8.600000,    70.600000,    28.000000)
( 0,  9,  6) -> ( 6,  9,  6) : (    5.333333,    15.666667,    81.666667,     9.666667)
( 0,  9,  6) -> ( 7,  9,  6) : (    9.500000,    13.000000,    56.500000,    14.500000)
( 0,  9,  6) -> ( 8,  9,  6) : (   11.500000,    14.000000,    13.500000,    51.000000)
( 0,  9,  6) -> ( 9,  9,  6) : (    4.000000,     6.000000,   101.333333,    64.000000)
( 1,  9,  6) -> ( 2,  9,  6) : (    8.000000,     1.250000,    12.375000,     1.250000)
( 1,  9,  6) -> ( 3,  9,  6) : (    7.125000,     4.000000,    31.500000,     1.875000)
( 1,  9,  6) -> ( 4,  9,  6) : (    3.333333,     7.666667,    36.833333,     3.666667)
( 1,  9,  6) -> ( 5,  9,  6) : (    4.142857,     9.428571,    66.428571,    21.571429)
( 1,  9,  6) -> ( 6,  9,  6) : (    7.833333,     9.833333,    51.000000,    19.500000)
( 1,  9,  6) -> ( 7,  9,  6) : (    5.666667,     9.166667,    32.166667,    20.166667)
( 1,  9,  6) -> ( 8,  9,  6) : (    3.666667,    13.666667,    21.666667,    36.000000)
( 1,  9,  6) -> ( 9,  9,  6) : (    8.666667,    15.333333,   109.666667,    33.666667)
( 2,  9,  6) -> ( 3,  9,  6) : (    3.125000,     1.750000,     6.625000,     1.125000)
( 2,  9,  6) -> ( 4,  9,  6) : (    4.000000,     5.250000,     8.000000,     2.000000)
( 2,  9,  6) -> ( 5,  9,  6) : (    4.000000,     6.875000,    37.500000,    18.250000)
( 2,  9,  6) -> ( 6,  9,  6) : (    6.166667,     7.833333,    28.500000,     5.333333)
( 2,  9,  6) -> ( 7,  9,  6) : (    6.500000,     8.750000,    25.625000,     7.000000)
( 2,  9,  6) -> ( 8,  9,  6) : (    8.800000,    12.800000,    28.600000,     5.000000)
( 2,  9,  6) -> ( 9,  9,  6) : (   10.200000,    10.400000,    49.800000,     3.600000)
( 3,  9,  6) -> ( 4,  9,  6) : (    2.500000,     2.625000,    30.250000,     3.250000)
( 3,  9,  6) -> ( 5,  9,  6) : (    2.875000,     4.875000,    33.250000,    18.375000)
( 3,  9,  6) -> ( 6,  9,  6) : (    4.666667,     4.666667,    26.000000,     5.333333)
( 3,  9,  6) -> ( 7,  9,  6) : (    6.000000,     6.000000,    22.857143,     6.142857)
( 3,  9,  6) -> ( 8,  9,  6) : (    9.000000,     8.800000,    25.600000,     6.800000)
( 3,  9,  6) -> ( 9,  9,  6) : (    9.428571,    11.714286,    38.285714,     4.571429)
( 4,  9,  6) -> ( 5,  9,  6) : (    3.125000,     3.500000,    27.875000,    17.000000)
( 4,  9,  6) -> ( 6,  9,  6) : (    4.250000,     2.750000,    16.500000,     3.875000)
( 4,  9,  6) -> ( 7,  9,  6) : (    5.500000,     4.625000,    16.375000,     5.500000)
( 4,  9,  6) -> ( 8,  9,  6) : (    8.000000,     7.166667,    19.666667,     4.000000)
( 4,  9,  6) -> ( 9,  9,  6) : (   10.000000,     9.142857,    20.857143,     7.857143)
( 5,  9,  6) -> ( 6,  9,  6) : (    1.875000,     1.250000,    12.375000,     1.875000)
( 5,  9,  6) -> ( 7,  9,  6) : (    3.125000,     2.875000,    10.500000,     4.125000)
( 5,  9,  6) -> ( 8,  9,  6) : (    5.833333,     5.500000,    14.000000,     3.833333)
( 5,  9,  6) -> ( 9,  9,  6) : (    9.333333,     8.666667,    14.166667,     4.500000)
( 6,  9,  6) -> ( 7,  9,  6) : (    1.666667,     1.333333,     6.222222,     2.444444)
( 6,  9,  6) -> ( 8,  9,  6) : (    4.285714,     3.142857,     5.000000,     3.285714)
( 6,  9,  6) -> ( 9,  9,  6) : (    5.142857,     5.000000,     6.571429,     4.857143)
( 7,  9,  6) -> ( 8,  9,  6) : (    2.625000,     1.750000,     7.000000,     1.625000)
( 7,  9,  6) -> ( 9,  9,  6) : (    4.250000,     3.875000,     8.375000,     3.250000)
( 8,  9,  6) -> ( 9,  9,  6) : (    2.625000,     2.500000,     3.125000,     1.625000)
( 0, 10,  6) -> ( 1, 10,  6) : (    1.800000,     1.000000,     2.600000,     2.000000)
( 0, 10,  6) -> ( 2, 10,  6) : (    1.600000,     2.400000,     7.200000,     3.400000)
( 0, 10,  6) -> ( 3, 10,  6) : (    3.200000,     4.200000,    12.400000,     4.600000)
( 0, 10,  6) -> ( 4, 10,  6) : (    3.800000,     4.600000,    15.000000,     6.600000)
( 0, 10,  6) -> ( 5, 10,  6) : (    5.600000,     5.200000,    17.800000,    28.600000)
( 0, 10,  6) -> ( 6, 10,  6) : (    7.250000,     8.250000,    31.000000,     7.250000)
( 0, 10,  6) -> ( 7, 10,  6) : (    8.500000,    10.750000,    34.750000,    10.250000)
( 0, 10,  6) -> ( 8, 10,  6) : (    8.000000,     9.000000,    19.500000,     5.000000)
( 0, 10,  6) -> ( 9, 10,  6) : (    4.333333,     4.333333,   130.000000,    65.000000)
( 1, 10,  6) -> ( 2, 10,  6) : (    2.750000,     2.625000,     5.375000,     1.375000)
( 1, 10,  6) -> ( 3, 10,  6) : (    3.250000,     4.125000,     9.625000,     1.875000)
( 1, 10,  6) -> ( 4, 10,  6) : (    3.875000,     4.750000,    12.125000,     3.500000)
( 1, 10,  6) -> ( 5, 10,  6) : (    6.428571,     5.571429,    12.571429,     5.285714)
( 1, 10,  6) -> ( 6, 10,  6) : (    4.285714,     8.857143,    23.857143,     4.285714)
( 1, 10,  6) -> ( 7, 10,  6) : (    9.142857,    11.571429,    38.000000,    14.857143)
( 1, 10,  6) -> ( 8, 10,  6) : (    8.500000,    10.833333,    53.166667,    14.500000)
( 1, 10,  6) -> ( 9, 10,  6) : (    6.000000,     8.500000,    89.750000,    24.500000)
( 2, 10,  6) -> ( 3, 10,  6) : (    2.571429,     1.428571,     4.571429,     1.000000)
( 2, 10,  6) -> ( 4, 10,  6) : (    3.571429,     1.714286,     6.142857,     3.285714)
( 2, 10,  6) -> ( 5, 10,  6) : (    6.571429,     3.285714,     9.000000,     4.142857)
( 2, 10,  6) -> ( 6, 10,  6) : (    5.142857,     5.571429,    58.428571,     4.857143)
( 2, 10,  6) -> ( 7, 10,  6) : (    9.142857,     8.000000,    62.142857,     6.142857)
( 2, 10,  6) -> ( 8, 10,  6) : (    9.400000,    10.400000,    16.400000,     6.200000)
( 2, 10,  6) -> ( 9, 10,  6) : (    5.333333,    11.000000,    13.000000,    43.333333)
( 3, 10,  6) -> ( 4, 10,  6) : (    1.285714,     0.857143,     3.285714,     2.285714)
( 3, 10,  6) -> ( 5, 10,  6) : (    4.571429,     2.428571,     5.571429,     3.142857)
( 3, 10,  6) -> ( 6, 10,  6) : (    3.714286,     5.285714,    54.142857,     4.428571)
( 3, 10,  6) -> ( 7, 10,  6) : (    7.800000,     7.200000,    17.600000,     6.400000)
( 3, 10,  6) -> ( 8, 10,  6) : (    7.000000,     9.400000,    13.400000,     5.800000)
( 3, 10,  6) -> ( 9, 10,  6) : (    6.000000,     9.333333,    11.333333,     5.000000)
( 4, 10,  6) -> ( 5, 10,  6) : (    3.000000,     1.875000,     3.625000,     2.000000)
( 4, 10,  6) -> ( 6, 10,  6) : (    3.285714,     3.428571,    10.000000,     2.857143)
( 4, 10,  6) -> ( 7, 10,  6) : (    6.857143,     6.142857,    14.285714,     5.285714)
( 4, 10,  6) -> ( 8, 10,  6) : (    5.166667,     7.666667,    14.000000,     5.833333)
( 4, 10,  6) -> ( 9, 10,  6) : (    5.833333,     7.666667,    72.166667,    19.000000)
( 5, 10,  6) -> ( 6, 10,  6) : (    6.375000,     1.750000,    33.375000,     3.625000)
( 5, 10,  6) -> ( 7, 10,  6) : (    5.375000,     4.375000,    12.625000,     4.500000)
( 5, 10,  6) -> ( 8, 10,  6) : (    4.000000,     6.285714,    12.714286,     5.714286)
( 5, 10,  6) -> ( 9, 10,  6) : (    5.375000,    13.875000,    21.750000,     9.000000)
( 6, 10,  6) -> ( 7, 10,  6) : (    6.166667,     2.833333,    36.833333,     6.333333)
( 6, 10,  6) -> ( 8, 10,  6) : (    4.400000,     4.200000,     7.400000,     4.200000)
( 6, 10,  6) -> ( 9, 10,  6) : (    6.000000,     7.000000,     9.600000,     6.600000)
( 7, 10,  6) -> ( 8, 10,  6) : (    4.142857,     2.000000,     3.000000,     2.142857)
( 7, 10,  6) -> ( 9, 10,  6) : (    4.125000,     7.375000,    15.500000,    10.000000)
( 8, 10,  6) -> ( 9, 10,  6) : (    2.750000,     5.125000,    14.750000,     5.625000)
( 0, 11,  6) -> ( 1, 11,  6) : (    3.857143,     6.428571,    66.285714,    26.428571)
( 0, 11,  6) -> ( 2, 11,  6) : (    3.500000,     4.250000,    11.000000,     4.500000)
( 0, 11,  6) -> ( 3, 11,  6) : (    4.625000,     6.500000,    46.625000,     5.625000)
( 0, 11,  6) -> ( 4, 11,  6) : (    5.500000,     8.000000,    14.750000,     9.000000)
( 0, 11,  6) -> ( 5, 11,  6) : (    4.571429,     8.428571,    19.714286,     8.571429)
( 0, 11,  6) -> ( 6, 11,  6) : (    8.333333,    12.833333,    19.333333,     4.833333)
( 0, 11,  6) -> ( 7, 11,  6) : (    9.600000,    17.000000,    25.800000,     4.200000)
( 0, 11,  6) -> ( 8, 11,  6) : (    7.833333,    14.333333,    49.500000,    15.666667)
( 0, 11,  6) -> ( 9, 11,  6) : (   13.400000,     9.200000,    47.400000,    39.600000)
( 1, 11,  6) -> ( 2, 11,  6) : (    2.625000,     0.875000,     7.375000,     2.500000)
( 1, 11,  6) -> ( 3, 11,  6) : (    2.285714,     2.857143,    10.571429,     4.428571)
( 1, 11,  6) -> ( 4, 11,  6) : (    2.625000,     4.125000,    17.125000,     7.000000)
( 1, 11,  6) -> ( 5, 11,  6) : (    2.857143,     4.571429,    18.428571,     7.285714)
( 1, 11,  6) -> ( 6, 11,  6) : (    6.800000,     9.600000,    19.800000,     4.000000)
( 1, 11,  6) -> ( 7, 11,  6) : (    9.200000,    12.600000,    22.800000,     4.200000)
( 1, 11,  6) -> ( 8, 11,  6) : (    8.400000,    12.400000,    32.800000,    17.400000)
( 1, 11,  6) -> ( 9, 11,  6) : (   10.000000,     8.600000,    40.400000,    27.000000)
( 2, 11,  6) -> ( 3, 11,  6) : (    2.000000,     2.000000,     4.285714,     2.000000)
( 2, 11,  6) -> ( 4, 11,  6) : (    3.714286,     3.285714,    10.571429,     4.571429)
( 2, 11,  6) -> ( 5, 11,  6) : (    4.428571,     3.285714,     9.571429,     4.714286)
( 2, 11,  6) -> ( 6, 11,  6) : (    8.400000,     7.000000,    15.400000,     2.600000)
( 2, 11,  6) -> ( 7, 11,  6) : (   10.800000,     8.800000,    15.400000,     3.200000)
( 2, 11,  6) -> ( 8, 11,  6) : (   11.200000,     9.400000,    21.000000,     4.400000)
( 2, 11,  6) -> ( 9, 11,  6) : (   13.000000,     7.750000,    12.000000,    30.500000)
( 3, 11,  6) -> ( 4, 11,  6) : (    2.125000,     1.375000,    10.500000,     2.750000)
( 3, 11,  6) -> ( 5, 11,  6) : (    2.875000,     1.875000,     8.375000,     3.000000)
( 3, 11,  6) -> ( 6, 11,  6) : (    4.857143,     4.000000,    15.714286,     3.000000)
( 3, 11,  6) -> ( 7, 11,  6) : (    7.142857,     5.285714,    15.142857,     4.000000)
( 3, 11,  6) -> ( 8, 11,  6) : (    7.833333,     6.333333,    22.166667,     5.333333)
( 3, 11,  6) -> ( 9, 11,  6) : (    9.000000,     5.500000,    24.250000,     8.750000)
( 4, 11,  6) -> ( 5, 11,  6) : (    2.500000,     1.000000,     3.875000,     1.750000)
( 4, 11,  6) -> ( 6, 11,  6) : (    3.166667,     2.833333,     7.666667,     1.833333)
( 4, 11,  6) -> ( 7, 11,  6) : (    5.000000,     4.333333,     7.666667,     3.000000)
( 4, 11,  6) -> ( 8, 11,  6) : (    6.166667,     9.500000,    19.500000,    18.500000)
( 4, 11,  6) -> ( 9, 11,  6) : (    6.400000,     4.600000,    11.400000,     5.600000)
( 5, 11,  6) -> ( 6, 11,  6) : (    3.625000,     3.375000,    10.250000,     0.750000)
( 5, 11,  6) -> ( 7, 11,  6) : (    4.857143,     4.428571,     7.714286,     1.714286)
( 5, 11,  6) -> ( 8, 11,  6) : (    6.428571,     5.428571,    17.714286,    12.857143)
( 5, 11,  6) -> ( 9, 11,  6) : (    7.500000,     6.000000,    19.833333,     7.000000)
( 6, 11,  6) -> ( 7, 11,  6) : (    2.285714,     2.714286,     3.714286,     1.000000)
( 6, 11,  6) -> ( 8, 11,  6) : (    3.000000,     3.666667,     7.333333,     3.000000)
( 6, 11,  6) -> ( 9, 11,  6) : (    7.166667,     3.000000,     9.666667,     6.166667)
( 7, 11,  6) -> ( 8, 11,  6) : (    2.500000,     0.833333,     7.000000,     1.833333)
( 7, 11,  6) -> ( 9, 11,  6) : (    3.000000,     3.166667,     7.833333,     4.333333)
( 8, 11,  6) -> ( 9, 11,  6) : (    2.727273,     3.181818,    15.363636,     3.090909)
